0 0.367861328125 0.23168374816983897 0.13453125 0.2158125915080527
0 0.59068359375 0.30953147877013176 0.1550390625 0.20563689604685212
1 0.079189453125 0.24020497803806734 0.054033203125 0.08124450951683748
1 0.153369140625 0.2936896046852123 0.04509765625 0.08815519765739385
1 0.19494140625 0.23459736456808197 0.050771484375 0.08988286969253294
1 0.24021484375 0.2894143484626647 0.050009765625 0.08648609077598829
1 0.195283203125 0.31752562225475844 0.0456640625 0.08401171303074671
1 0.75419921875 0.3490190336749634 0.04349609375 0.0828696925329429
1 0.81255859375 0.3084480234260615 0.04498046875 0.08178623718887262
1 0.777890625 0.230497803806735 0.057861328125 0.0786090775988287
1 0.732265625 0.28603221083455344 0.048095703125 0.085402635431918
1 0.854287109375 0.25462664714494876 0.058876953125 0.09001464128843338
1 0.912138671875 0.3156661786237189 0.04671875 0.10360175695461202
1 0.94404296875 0.26207906295754024 0.050810546875 0.0912298682284041
1 0.96939453125 0.349502196193265 0.051630859375 0.08172767203513909