0 0.73833984375 0.5765234375 0.1315625 0.17858072916666667
0 0.28634765625 0.5285807291666667 0.10458984375 0.13170572916666667
0 0.3946875 0.48833333333333334 0.048310546875 0.06841145833333333
0 0.46927734375 0.4561848958333334 0.022587890625 0.03078125
0 0.530595703125 0.440859375 0.009755859375 0.014388020833333334
0 0.610205078125 0.46480468750000004 0.032470703125 0.0406640625
0 0.628310546875 0.500078125 0.0491015625 0.06511718749999999
0 0.67912109375 0.4680859375 0.028056640625 0.035976562499999996
0 0.5522265625 0.4387109375 0.007431640625 0.010416666666666666
0 0.5078515625 0.42651041666666667 0.006884765625 0.010611979166666667
0 0.48763671875 0.4217708333333334 0.0065625 0.009791666666666666