0 0.3828515625 0.2676041666666667 0.17443359375 0.2187890625
1 0.07798828125 0.0780078125 0.03939453125 0.07139322916666667
1 0.15498046875 0.12088541666666668 0.0331640625 0.054596354166666666
1 0.218544921875 0.085625 0.04087890625 0.0772265625
1 0.252236328125 0.07489583333333334 0.037421875 0.07109375
1 0.3178125 0.07390624999999999 0.040205078125 0.06420572916666667
1 0.497509765625 0.06619791666666668 0.036591796875 0.0684375
1 0.563818359375 0.061406249999999996 0.03640625 0.06673177083333333
1 0.629091796875 0.06243489583333334 0.03857421875 0.07569010416666667
1 0.715439453125 0.08022135416666666 0.0341796875 0.07287760416666667
1 0.909755859375 0.04799479166666667 0.03619140625 0.0723828125
1 0.946015625 0.05255208333333333 0.034189453125 0.06576822916666666
1 0.461201171875 0.08149739583333333 0.0444921875 0.07217447916666667
1 0.33359375 0.132890625 0.031865234375 0.05680989583333334
1 0.76595703125 0.0560546875 0.03357421875 0.05670572916666666
1 0.840087890625 0.048190104166666664 0.04259765625 0.06907552083333333