0 0.05498046875 0.1914583333333333 0.07470703125 0.09536458333333332
0 0.38234375 0.6212109375 0.2403125 0.33734375
0 0.86142578125 0.5411458333333333 0.21568359375 0.29225260416666665
1 0.152431640625 0.2227213541666667 0.034296875 0.06311197916666667
1 0.18853515625 0.18479166666666666 0.0307421875 0.05705729166666667
1 0.117041015625 0.17259114583333335 0.02921875 0.05294270833333333
1 0.2223828125 0.196328125 0.03177734375 0.060885416666666664
1 0.258349609375 0.23458333333333334 0.036787109375 0.0666796875
1 0.2910546875 0.2030078125 0.03755859375 0.0574609375
1 0.258466796875 0.309375 0.050732421875 0.07954427083333333
1 0.343251953125 0.34046875000000004 0.051005859375 0.0902734375
1 0.363505859375 0.23615885416666668 0.041171875 0.060455729166666666
1 0.4055078125 0.33748697916666665 0.048515625 0.08919270833333333
1 0.450224609375 0.2881119791666667 0.048720703125 0.08276041666666667
1 0.439072265625 0.171484375 0.03041015625 0.0653515625
1 0.39177734375 0.15302083333333333 0.027353515625 0.054348958333333336
1 0.506943359375 0.35444010416666666 0.048330078125 0.08957031250000001
1 0.583427734375 0.2812109375 0.045712890625 0.087265625
1 0.654873046875 0.39055989583333334 0.064599609375 0.08838541666666666
1 0.711181640625 0.25830729166666666 0.049443359375 0.09282552083333334
1 0.6766796875 0.22225260416666667 0.031220703125 0.06513020833333334
1 0.755888671875 0.24001302083333334 0.0420703125 0.07174479166666667
1 0.73119140625 0.18029947916666667 0.0333984375 0.048919270833333334
1 0.6251953125 0.166953125 0.014970703125 0.029296875
1 0.696884765625 0.184296875 0.014716796875 0.024479166666666666
1 0.566669921875 0.20520833333333333 0.041748046875 0.061796875
1 0.59380859375 0.17927083333333335 0.02552734375 0.0466015625
1 0.547587890625 0.15841145833333334 0.01830078125 0.026054687500000003
1 0.50849609375 0.16526041666666666 0.03501953125 0.06505208333333333
1 0.50349609375 0.2664583333333333 0.048671875 0.086015625
1 0.844072265625 0.24750000000000003 0.065830078125 0.09373697916666666
1 0.965595703125 0.24388020833333335 0.068818359375 0.10235677083333333