0 0.18560546875 0.5388411458333333 0.359140625 0.5126432291666666
1 0.52423828125 0.5436067708333333 0.012021484375 0.021236979166666666
1 0.554931640625 0.5682552083333333 0.00677734375 0.011041666666666667
1 0.56873046875 0.5713802083333334 0.0076171875 0.011080729166666666
1 0.576142578125 0.5707291666666666 0.007705078125 0.010611979166666667
1 0.584755859375 0.569375 0.00619140625 0.010481770833333334
1 0.597421875 0.5688541666666667 0.0068359375 0.011119791666666665
1 0.663359375 0.5644661458333333 0.005810546875 0.0102734375
1 0.64802734375 0.5695312499999999 0.006572265625 0.0124609375
1 0.752451171875 0.5792578125 0.006943359375 0.012682291666666666
1 0.789501953125 0.5776432291666667 0.005888671875 0.012278645833333332
1 0.8085546875 0.5773177083333333 0.008759765625 0.011640625
1 0.679189453125 0.5696223958333334 0.006572265625 0.013151041666666667
1 0.746064453125 0.5715234375 0.0065625 0.012591145833333333
1 0.770400390625 0.5768359375 0.00669921875 0.012565104166666667
1 0.759384765625 0.5791276041666666 0.00626953125 0.011223958333333332
1 0.828310546875 0.5796875 0.00830078125 0.012369791666666666
1 0.8419140625 0.5765755208333333 0.0076953125 0.014427083333333333
1 0.88232421875 0.5740104166666666 0.00595703125 0.009674479166666666
1 0.916689453125 0.573828125 0.007216796875 0.014036458333333333
1 0.926416015625 0.5730468750000001 0.007421875 0.012096354166666665
1 0.957060546875 0.5755338541666667 0.00892578125 0.011940104166666667
1 0.935595703125 0.5721354166666667 0.007509765625 0.01203125
1 0.966845703125 0.5681380208333333 0.008681640625 0.0133203125
1 0.97953125 0.5710416666666667 0.007119140625 0.012018229166666667