0 0.565029296875 0.13680989583333333 0.11853515625 0.207890625
0 0.233046875 0.03830729166666667 0.01251953125 0.020429687499999998
1 0.280390625 0.06874999999999999 0.011826171875 0.020937499999999998
1 0.38677734375 0.07069010416666667 0.013720703125 0.019309895833333333
1 0.465908203125 0.0921484375 0.0120703125 0.019114583333333334
1 0.441064453125 0.15787760416666666 0.04251953125 0.075390625
1 0.654521484375 0.03358072916666666 0.011455078125 0.018020833333333333
1 0.680634765625 0.03529947916666667 0.01134765625 0.0193359375
1 0.705048828125 0.049231770833333334 0.01037109375 0.0180859375
1 0.721689453125 0.04515625 0.0115625 0.017513020833333334
1 0.92646484375 0.08028645833333332 0.011171875 0.017395833333333333
1 0.99212890625 0.08154947916666667 0.01185546875 0.0158203125
1 0.047314453125 0.0206640625 0.01044921875 0.0176171875