0 0.046953125 0.50359375 0.071806640625 0.13675347222222223
0 0.21873046875 0.5066666666666666 0.038134765625 0.07439236111111111
0 0.29421875 0.4706076388888889 0.05078125 0.09399305555555555
0 0.353818359375 0.5084375 0.036611328125 0.06604166666666667
0 0.39783203125 0.48124999999999996 0.0223046875 0.047517361111111114
0 0.47626953125 0.48923611111111115 0.06583984375 0.11338541666666667
0 0.53291015625 0.44598958333333333 0.04701171875 0.09154513888888888
0 0.59376953125 0.47387152777777775 0.020595703125 0.03786458333333333
0 0.646728515625 0.5226041666666666 0.054775390625 0.09876736111111112
0 0.691787109375 0.46187500000000004 0.03109375 0.05116319444444444
0 0.72025390625 0.4737847222222222 0.01669921875 0.02810763888888889
0 0.7324609375 0.47326388888888893 0.0130078125 0.024270833333333335
0 0.7659765625 0.4665972222222222 0.01390625 0.025763888888888888
0 0.78580078125 0.4678819444444444 0.0188671875 0.036319444444444446
0 0.820283203125 0.46633680555555557 0.02078125 0.040538194444444446
0 0.851669921875 0.4757986111111111 0.021689453125 0.04199652777777778
0 0.8859765625 0.4658159722222222 0.009287109375 0.016493055555555556
0 0.900048828125 0.4662326388888889 0.0093359375 0.02189236111111111
0 0.912900390625 0.4793402777777778 0.014013671875 0.025902777777777778
0 0.97166015625 0.46704861111111107 0.0172265625 0.02876736111111111
0 0.933818359375 0.46243055555555557 0.01041015625 0.018940972222222224
0 0.8009765625 0.4751909722222222 0.015107421875 0.025729166666666668
0 0.83396484375 0.4652604166666667 0.0167578125 0.03154513888888889
0 0.873544921875 0.45748263888888885 0.00685546875 0.01392361111111111
1 0.938935546875 0.4800347222222222 0.00853515625 0.019791666666666666
1 0.34705078125 0.43951388888888887 0.013095703125 0.029166666666666667
1 0.255654296875 0.4485069444444444 0.013662109375 0.03175347222222222
1 0.178232421875 0.44116319444444446 0.013173828125 0.031788194444444445
1 0.072822265625 0.4365104166666667 0.0180859375 0.037309027777777774