0 0.94175 0.15202937249666224 0.03795 0.0801068090787717
0 0.882475 0.18132176234979974 0.0507 0.09656875834445927
0 0.6737666666666666 0.18695594125500667 0.04364166666666666 0.07845126835781041
0 0.5042166666666666 0.22563417890520696 0.04949166666666667 0.09668891855807744
0 0.7984416666666667 0.23658210947930572 0.05980833333333333 0.12068090787716956
0 0.33158333333333334 0.2738584779706275 0.05966666666666666 0.11552736982643524
0 0.6078333333333333 0.2868758344459279 0.07190833333333334 0.1519626168224299
0 0.19525833333333334 0.3108544726301736 0.068525 0.13571428571428573
0 0.09700833333333334 0.3439118825100133 0.08047499999999999 0.1594392523364486
0 0.44219166666666665 0.3513351134846462 0.08215833333333333 0.16977303070761013
0 0.26430833333333337 0.3813618157543391 0.09910000000000001 0.20432576769025365
0 0.8081333333333334 0.15662216288384512 0.038066666666666665 0.0729105473965287
0 0.5482166666666667 0.21089452603471295 0.048216666666666665 0.09930574098798398
0 0.916875 0.1393324432576769 0.03385 0.06503337783711616