0 0.099755859375 0.11576246334310851 0.199521484375 0.2215982404692082
0 0.37236328125 0.18579178885630498 0.1328515625 0.1670674486803519
0 0.534345703125 0.23143695014662757 0.08333984375 0.09573313782991204
0 0.606826171875 0.23670087976539592 0.060732421875 0.08378299120234604
0 0.68357421875 0.29941348973607035 0.045986328125 0.06340175953079179
0 0.704638671875 0.3010117302052786 0.03546875 0.0507624633431085
0 0.728681640625 0.31950146627565984 0.030654296875 0.04608504398826979
0 0.757421875 0.3234604105571847 0.029033203125 0.04482404692082111
0 0.80103515625 0.3434017595307918 0.02775390625 0.040513196480938415
0 0.785859375 0.3252932551319648 0.02400390625 0.03577712609970674
1 0.884970703125 0.3042375366568915 0.047138671875 0.06936950146627566