0 0.0465234375 0.3855294117647059 0.093046875 0.17238235294117646
0 0.258974609375 0.3428970588235294 0.077099609375 0.13880882352941176
0 0.69890625 0.5298970588235294 0.320322265625 0.5558676470588235
0 0.56984375 0.30169117647058824 0.02111328125 0.02961764705882353
1 0.46791015625 0.4219558823529412 0.0844140625 0.16538235294117645
1 0.189326171875 0.4244558823529412 0.123740234375 0.21820588235294117
1 0.33314453125 0.3443676470588235 0.04490234375 0.08516176470588235
1 0.4205078125 0.32682352941176473 0.04197265625 0.07720588235294118
1 0.498447265625 0.339 0.03478515625 0.06797058823529412
1 0.552314453125 0.3269558823529412 0.0344921875 0.0641764705882353
1 0.547392578125 0.23355882352941176 0.020244140625 0.04191176470588235
1 0.596552734375 0.32533823529411765 0.033681640625 0.06920588235294119
1 0.956357421875 0.3161029411764706 0.040400390625 0.06366176470588235
1 0.892607421875 0.3226176470588235 0.04484375 0.07479411764705882
1 0.9209765625 0.33455882352941174 0.03904296875 0.06329411764705882
1 0.979609375 0.32939705882352943 0.029560546875 0.04797058823529411