0 0.06517578125 0.34501466275659826 0.08896484375 0.17972140762463343
0 0.14412109375 0.24321114369501468 0.05865234375 0.1132258064516129
1 0.191572265625 0.2576099706744868 0.0379296875 0.07228739002932551
0 0.248603515625 0.3154398826979472 0.04458984375 0.07655425219941349
0 0.56154296875 0.2549266862170088 0.071376953125 0.13049853372434017
0 0.774462890625 0.17479472140762461 0.099296875 0.20024926686217007
0 0.630810546875 0.34722873900293255 0.061123046875 0.10658357771260997
1 0.3240625 0.2823900293255132 0.04220703125 0.07464809384164223
1 0.419208984375 0.4598533724340176 0.016982421875 0.03381231671554252
1 0.06142578125 0.23401759530791788 0.044375 0.08131964809384164
1 0.376640625 0.3778445747800587 0.031787109375 0.05016129032258065