0 0.318466796875 0.2858272327964861 0.06125 0.07224011713030747
1 0.4840234375 0.2126207906295754 0.047451171875 0.08585651537335286
1 0.528720703125 0.1753147877013177 0.033681640625 0.07373352855051245
1 0.5562109375 0.1577159590043924 0.027060546875 0.05194729136163982
1 0.591953125 0.1905710102489019 0.06482421875 0.11140556368960469
1 0.672890625 0.18282576866764275 0.034560546875 0.060732064421669105
1 0.707041015625 0.1645095168374817 0.053466796875 0.09812591508052708
1 0.756748046875 0.14535871156661787 0.04142578125 0.08108345534407028
1 0.786611328125 0.1458125915080527 0.038603515625 0.06752562225475842
1 0.8858984375 0.15240117130307468 0.032294921875 0.06437774524158126
1 0.827568359375 0.169502196193265 0.012978515625 0.023103953147877013
1 0.9108203125 0.1667935578330893 0.032275390625 0.05636896046852123