0 0.108408203125 0.33013888888888887 0.03443359375 0.07319444444444444
0 0.23095703125 0.3281597222222222 0.034130859375 0.07229166666666667
0 0.321181640625 0.42519097222222224 0.054248046875 0.13383680555555555
0 0.31572265625 0.3220659722222222 0.0291796875 0.06656250000000001
0 0.471640625 0.3526215277777778 0.04083984375 0.07951388888888888
0 0.487060546875 0.34850694444444447 0.034560546875 0.07404513888888889
0 0.512783203125 0.31463541666666667 0.022568359375 0.05430555555555556
0 0.532216796875 0.3248784722222222 0.02859375 0.055329861111111114
0 0.6362109375 0.35192708333333333 0.03509765625 0.08055555555555555
0 0.663662109375 0.2857291666666667 0.019677734375 0.048906250000000005
0 0.680146484375 0.30727430555555557 0.0220703125 0.04510416666666667
0 0.76396484375 0.35359375 0.02791015625 0.05354166666666667
0 0.795146484375 0.3316840277777778 0.02876953125 0.06447916666666667
0 0.861357421875 0.2899305555555556 0.017451171875 0.04107638888888889
0 0.914111328125 0.31317708333333333 0.01908203125 0.04729166666666666
0 0.9453125 0.29374999999999996 0.017216796875 0.04147569444444445
0 0.971923828125 0.2809027777777778 0.0159765625 0.034479166666666665
0 0.988623046875 0.32616319444444447 0.0190625 0.03972222222222222
1 0.312060546875 0.2623611111111111 0.00857421875 0.018680555555555554
1 0.35216796875 0.2710416666666667 0.0095703125 0.021388888888888888
1 0.3590625 0.283125 0.00974609375 0.021336805555555553
1 0.376357421875 0.28140625 0.00955078125 0.01967013888888889
1 0.40984375 0.29578125 0.009482421875 0.01986111111111111
1 0.490380859375 0.28814236111111113 0.009228515625 0.021180555555555553
1 0.37369140625 0.2650868055555555 0.008291015625 0.01923611111111111