0 0.10798828125 0.3338715277777778 0.0365625 0.08260416666666666
0 0.231484375 0.32871527777777776 0.03482421875 0.07446180555555555
0 0.315556640625 0.32196180555555554 0.0309765625 0.06756944444444445
0 0.321552734375 0.4281770833333333 0.05720703125 0.14031249999999998
0 0.4715234375 0.35385416666666664 0.039658203125 0.08194444444444444
0 0.531875 0.32666666666666666 0.02787109375 0.06562499999999999
0 0.51353515625 0.3163888888888889 0.022646484375 0.05223958333333333
0 0.635869140625 0.3518923611111111 0.03578125 0.08277777777777778
0 0.679697265625 0.30878472222222225 0.0237109375 0.05012152777777778
0 0.66349609375 0.285625 0.0194140625 0.05019097222222222
0 0.764091796875 0.3579861111111111 0.0258984375 0.06284722222222222
0 0.794873046875 0.3316145833333333 0.028310546875 0.06364583333333333
0 0.773681640625 0.3041493055555555 0.022236328125 0.049166666666666664
0 0.861435546875 0.2904513888888889 0.0178125 0.043194444444444445
0 0.90662109375 0.29769097222222224 0.023193359375 0.03864583333333334
0 0.914462890625 0.31342013888888887 0.020673828125 0.047482638888888894
0 0.945634765625 0.29258680555555555 0.017578125 0.03553819444444444
0 0.97193359375 0.28444444444444444 0.016640625 0.042013888888888885
0 0.988203125 0.3291319444444445 0.018330078125 0.04177083333333333