0 0.6296367305751767 0.2301171875 0.1360443995963673 0.14060546875
1 0.03511604439959636 0.2425 0.050524722502522705 0.07392578125
1 0.15046417759838548 0.20689453125 0.049535822401614533 0.078974609375
1 0.3605650857719475 0.215302734375 0.044944500504540866 0.06833984375
1 0.41256306760847633 0.238359375 0.04492431886982846 0.05953125
1 0.5068920282542886 0.2113671875 0.03970736629667003 0.068076171875
1 0.7255701311806256 0.27498046875 0.04617558022199798 0.05486328125
1 0.847255297679112 0.21080078125 0.04419778002018163 0.056689453125
1 0.8637033299697275 0.25216796875 0.03871846619576185 0.055400390625
1 0.9211099899091827 0.22279296875 0.04078708375378406 0.058671875
1 0.9617558022199798 0.22830078125 0.04438950554994955 0.06232421875