1 0.6482896551724138 0.12455301455301454 0.03863448275862069 0.07958419958419959
1 0.803448275862069 0.1414968814968815 0.04419310344827586 0.08365904365904367
1 0.9048827586206896 0.15912681912681914 0.03776551724137931 0.07673596673596673
1 0.10833103448275863 0.15172557172557175 0.03437241379310345 0.07891891891891892
1 0.22517241379310346 0.1564033264033264 0.03793103448275862 0.07887733887733887
1 0.5317655172413793 0.1631185031185031 0.05729655172413793 0.12698544698544698
1 0.33969655172413793 0.12756756756756757 0.038 0.07147609147609148
1 0.4188413793103449 0.17958419958419958 0.046882758620689656 0.0992931392931393
1 0.4786620689655172 0.1532016632016632 0.030896551724137928 0.06733887733887733
1 0.3819034482758621 0.1291891891891892 0.023572413793103448 0.0574012474012474
1 0.5815724137931034 0.11873180873180873 0.03 0.05835758835758836
1 0.756951724137931 0.12469854469854469 0.02212413793103448 0.0479002079002079