0 0.306982421875 0.19326693227091632 0.063310546875 0.1098605577689243
1 0.635810546875 0.22687250996015937 0.013603515625 0.033924302788844625
1 0.670146484375 0.23260956175298805 0.019755859375 0.039701195219123506
1 0.72490234375 0.21629482071713146 0.013662109375 0.03659362549800797
1 0.76060546875 0.22348605577689243 0.014423828125 0.03647410358565737
1 0.833818359375 0.17073705179282866 0.015712890625 0.03113545816733068
1 0.8236328125 0.1458565737051793 0.01580078125 0.03621513944223108
1 0.8669140625 0.1388844621513944 0.01537109375 0.035418326693227094
1 0.822255859375 0.08105577689243028 0.01349609375 0.03187250996015936
1 0.855224609375 0.12675298804780877 0.013779296875 0.03438247011952192
1 0.875654296875 0.18410358565737053 0.01341796875 0.03394422310756972
1 0.8593359375 0.061832669322709165 0.014775390625 0.03245019920318725
1 0.927978515625 0.16268924302788845 0.01142578125 0.03095617529880478
1 0.961220703125 0.11766932270916335 0.0113671875 0.03258964143426295
1 0.775537109375 0.07460159362549801 0.016044921875 0.03245019920318725
1 0.78841796875 0.05087649402390438 0.014921875 0.02954183266932271
1 0.85251953125 0.04306772908366534 0.0133984375 0.027828685258964144
1 0.874267578125 0.08207171314741037 0.01517578125 0.03370517928286853
1 0.8821875 0.05846613545816733 0.01330078125 0.028266932270916333
1 0.967783203125 0.012729083665338644 0.012578125 0.02547808764940239
1 0.984853515625 0.18665338645418328 0.01865234375 0.03203187250996015
1 0.94548828125 0.18607569721115538 0.016494140625 0.03207171314741036