0 0.0875390625 0.6458296622613803 0.076376953125 0.10850220264317181
0 0.250146484375 0.5210425844346549 0.070361328125 0.07437591776798826
0 0.4003125 0.5363729809104258 0.074052734375 0.07913362701908958
0 0.534716796875 0.5279735682819383 0.078203125 0.08509544787077827
0 0.70400390625 0.8173568281938326 0.138759765625 0.241776798825257
0 0.71138671875 0.55712187958884 0.062529296875 0.08540381791483112
0 0.711376953125 0.5014684287812041 0.059951171875 0.0693538913362702
0 0.836484375 0.7145080763582966 0.15849609375 0.193935389133627
1 0.131904296875 0.9117914831130689 0.133544921875 0.17641703377386198
1 0.159462890625 0.7912775330396477 0.10486328125 0.14042584434654917
1 0.021904296875 0.7356240822320117 0.04380859375 0.1574008810572687
1 0.154912109375 0.6657562408223201 0.08966796875 0.12876651982378853
1 0.24365234375 0.6600440528634361 0.06451171875 0.11393538913362702
1 0.34044921875 0.6098237885462555 0.078330078125 0.12458149779735683
1 0.29181640625 0.8095447870778266 0.125810546875 0.17812041116005872
1 0.418720703125 0.6900440528634362 0.093955078125 0.1319236417033774
1 0.490068359375 0.7423201174743025 0.101044921875 0.17422907488986786
1 0.65625 0.608913362701909 0.05708984375 0.11475770925110133
1 0.57158203125 0.5790602055800294 0.062216796875 0.09042584434654918
1 0.796533203125 0.5115565345080764 0.040576171875 0.07809104258443465
1 0.86361328125 0.2644787077826726 0.06763671875 0.10649045521292216
1 0.97455078125 0.2778120411160059 0.0508984375 0.09148311306901614
1 0.471474609375 0.37249632892804696 0.03216796875 0.06698972099853157
1 0.41693359375 0.4313656387665198 0.030595703125 0.06625550660792952
1 0.459638671875 0.31083700440528633 0.037763671875 0.0647136563876652
1 0.558173828125 0.26340675477239356 0.026005859375 0.051953010279001476
1 0.667353515625 0.29515418502202645 0.036640625 0.06129221732745962
1 0.64373046875 0.3745227606461087 0.035 0.06936857562408223
1 0.592529296875 0.34180616740088104 0.03671875 0.07249632892804699
1 0.74609375 0.32202643171806167 0.02806640625 0.059618208516886935
1 0.61484375 0.49588839941262847 0.04263671875 0.063215859030837
1 0.35017578125 0.4879001468428781 0.04341796875 0.06997063142437591
1 0.314384765625 0.4713950073421439 0.019423828125 0.03315712187958884
1 0.3647265625 0.44950073421439063 0.015625 0.02907488986784141
1 0.377412109375 0.40770925110132156 0.011455078125 0.023333333333333334
1 0.326328125 0.40829662261380323 0.010869140625 0.015535976505139501
1 0.22671875 0.45446402349486054 0.016826171875 0.028135095447870778
1 0.169697265625 0.506431718061674 0.0395703125 0.06120411160058737
1 0.051669921875 0.3865785609397944 0.019501953125 0.02947136563876652
1 0.013369140625 0.41233480176211457 0.0182421875 0.02869309838472834
1 0.09177734375 0.39380323054331867 0.0135546875 0.027665198237885463
1 0.1173828125 0.4024229074889868 0.014921875 0.029236417033773863