0 0.8670703125 0.5750366032210834 0.100302734375 0.1568081991215227
0 0.955498046875 0.6049341142020498 0.087568359375 0.14346998535871155
1 0.608076171875 0.22587115666178625 0.111337890625 0.23364568081991216
1 0.747529296875 0.24352855051244512 0.0315234375 0.05562225475841874
1 0.50056640625 0.24688140556368962 0.0475390625 0.08638360175695461
1 0.5047265625 0.18734992679355783 0.036826171875 0.058623718887262075
1 0.54904296875 0.20367496339677893 0.052470703125 0.09989751098096633
1 0.400390625 0.22281112737920938 0.032744140625 0.05891654465592972
1 0.361943359375 0.31177159590043924 0.040283203125 0.06976573938506589
1 0.311376953125 0.1935285505124451 0.03796875 0.06752562225475842
1 0.350419921875 0.2444216691068814 0.03046875 0.05219619326500732
1 0.26630859375 0.2171303074670571 0.02421875 0.034641288433382135
1 0.225185546875 0.22913616398243045 0.02873046875 0.05346998535871157
1 0.141328125 0.2058125915080527 0.021279296875 0.043865300146412885
1 0.113505859375 0.2234553440702782 0.035732421875 0.05505124450951684
1 0.05630859375 0.23714494875549047 0.03162109375 0.04625183016105417
1 0.837998046875 0.3850658857979502 0.085283203125 0.1223865300146413
1 0.95958984375 0.27024890190336753 0.041455078125 0.07197657393850658