0 0.2787109375 0.5619326500732065 0.097666015625 0.14099560761347
0 0.0648046875 0.5233382137628111 0.10189453125 0.11431918008784772
0 0.108681640625 0.5519619326500732 0.082099609375 0.12465592972181552
0 0.11759765625 0.3265446559297218 0.05603515625 0.08814055636896047
0 0.15498046875 0.3378770131771596 0.060625 0.08677891654465593
0 0.285576171875 0.8404538799414348 0.1248828125 0.1579355783308931
0 0.521533203125 0.2913323572474378 0.049951171875 0.08251830161054173
0 0.694912109375 0.6522547584187408 0.1054296875 0.15571010248901904
0 0.71314453125 0.30660322108345534 0.0541796875 0.07878477306002929
0 0.737783203125 0.4818740849194729 0.062119140625 0.09489019033674964
0 0.928720703125 0.5363103953147877 0.06853515625 0.10604685212298683
0 0.267587890625 0.33106881405563693 0.056435546875 0.06219619326500732
1 0.975087890625 0.34978038067349926 0.042626953125 0.07291361639824304
1 0.77625 0.9275549048316252 0.100673828125 0.13915080527086385
1 0.432392578125 0.3578770131771596 0.03470703125 0.07740849194729135
1 0.53455078125 0.3587262079062957 0.042236328125 0.0819619326500732
1 0.151162109375 0.41316251830161055 0.036875 0.07081991215226939
1 0.335009765625 0.3472181551976574 0.049716796875 0.0720497803806735
1 0.27115234375 0.10625183016105416 0.0358203125 0.0639238653001464
1 0.044228515625 0.14505124450951684 0.030205078125 0.05909224011713031
1 0.510302734375 0.1154904831625183 0.03361328125 0.0625475841874085