0 0.120078125 0.2308199121522694 0.14404296875 0.18928257686676428
0 0.655703125 0.25266471449487554 0.088720703125 0.166398243045388
1 0.242890625 0.14534407027818447 0.058291015625 0.10449487554904832
1 0.292041015625 0.2848462664714495 0.05044921875 0.09915080527086384
1 0.037724609375 0.08471449487554905 0.049853515625 0.09155197657393851
1 0.072763671875 0.07746705710102489 0.043173828125 0.08257686676427525
1 0.159296875 0.06477306002928258 0.057431640625 0.10125915080527086
1 0.242333984375 0.054729136163982436 0.042861328125 0.0778623718887262
1 0.346640625 0.06316251830161054 0.04828125 0.09112737920937043
1 0.322080078125 0.17020497803806736 0.05484375 0.09329428989751098
1 0.41728515625 0.17127379209370425 0.057099609375 0.11121522693997071
1 0.4991796875 0.10752562225475841 0.049287109375 0.09522693997071743
1 0.509677734375 0.18890190336749635 0.050537109375 0.10474377745241582
1 0.440029296875 0.15089311859443633 0.046435546875 0.10669106881405564
1 0.345439453125 0.12098096632503659 0.051884765625 0.09087847730600293
1 0.554892578125 0.20849194729136164 0.0605859375 0.1127818448023426
1 0.552294921875 0.1339238653001464 0.05400390625 0.10133235724743776
1 0.597939453125 0.11923865300146412 0.051806640625 0.1014055636896047
1 0.653134765625 0.1220497803806735 0.047919921875 0.09251830161054173
1 0.68345703125 0.08248901903367496 0.042783203125 0.06944363103953148
1 0.718291015625 0.1297657393850659 0.048046875 0.09339677891654466
1 0.760615234375 0.15733528550512443 0.041962890625 0.09729136163982431
1 0.791943359375 0.14691068814055638 0.0575390625 0.09136163982430454
1 0.7603515625 0.2673352855051245 0.059453125 0.11206442166910689
1 0.869677734375 0.18682284040995606 0.064794921875 0.1036896046852123
1 0.9842578125 0.26836017569546117 0.031484375 0.10667642752562226
1 0.018935546875 0.18603221083455346 0.037861328125 0.10945827232796487
1 0.85064453125 0.10884333821376281 0.05291015625 0.10414348462664713