0 0.26923828125 0.2252694610778443 0.09046875 0.1242874251497006
0 0.319287109375 0.25532934131736523 0.088759765625 0.11560479041916168
0 0.735029296875 0.2314131736526946 0.071533203125 0.0837005988023952
0 0.814658203125 0.32153293413173656 0.159755859375 0.15625149700598803
0 0.878740234375 0.338 0.1194140625 0.18021556886227544
0 0.98728515625 0.2907544910179641 0.025419921875 0.06215568862275449
1 0.969892578125 0.19837125748502993 0.031796875 0.041173652694610784
1 0.989345703125 0.1685389221556886 0.02130859375 0.035341317365269465
1 0.88880859375 0.22434730538922157 0.030615234375 0.042646706586826344
1 0.88794921875 0.1660119760479042 0.026142578125 0.03366467065868264
1 0.914189453125 0.21536526946107787 0.02931640625 0.04374850299401198
1 0.81900390625 0.18164071856287423 0.031865234375 0.05032335329341318
1 0.736337890625 0.15583233532934132 0.02109375 0.030107784431137725
1 0.711943359375 0.1682395209580838 0.026279296875 0.03922155688622755
1 0.649384765625 0.1618323353293413 0.022822265625 0.035401197604790414
1 0.674189453125 0.17855089820359282 0.044658203125 0.05647904191616766
1 0.625 0.20310179640718562 0.038076171875 0.041652694610778446
1 0.57544921875 0.21979640718562873 0.036845703125 0.05147305389221556
1 0.597138671875 0.16164071856287426 0.0280859375 0.04511377245508982
1 0.555361328125 0.08165269461077845 0.023193359375 0.03653892215568862
1 0.4890625 0.19479041916167666 0.048818359375 0.05531736526946107
1 0.4158203125 0.1901317365269461 0.038623046875 0.05722155688622755
1 0.4350390625 0.1824670658682635 0.037275390625 0.062059880239520956
1 0.364033203125 0.18007185628742517 0.04115234375 0.0572814371257485
1 0.205703125 0.15316167664670657 0.052861328125 0.06403592814371258
1 0.186181640625 0.2054251497005988 0.067783203125 0.07996407185628741
1 0.090029296875 0.13346107784431138 0.055673828125 0.06949700598802395