0 0.473251953125 0.46802052785923753 0.069033203125 0.11118768328445748
0 0.085986328125 0.44460410557184754 0.07080078125 0.11425219941348974
0 0.1789453125 0.4621260997067449 0.07638671875 0.12800586510263928
0 0.28291015625 0.4479472140762463 0.054970703125 0.09500000000000001
0 0.54556640625 0.4467595307917889 0.046171875 0.08348973607038122
0 0.622119140625 0.47615835777126103 0.058349609375 0.09709677419354838
0 0.666640625 0.45118768328445746 0.038828125 0.07303519061583578
0 0.74615234375 0.46873900293255133 0.05248046875 0.08780058651026393
0 0.77607421875 0.4532551319648094 0.034873046875 0.06153958944281525
0 0.81498046875 0.4714809384164223 0.044638671875 0.07567448680351906
0 0.859599609375 0.4484604105571848 0.037890625 0.06328445747800586
0 0.88322265625 0.46815249266862163 0.0425 0.07209677419354839
0 0.9296875 0.46186217008797653 0.036953125 0.06646627565982405
0 0.956748046875 0.45388563049853375 0.03171875 0.05139296187683284
0 0.981005859375 0.45225806451612904 0.037978515625 0.06828445747800586