0 0.63958984375 0.2605735294117647 0.068251953125 0.1210735294117647
0 0.799599609375 0.24498529411764705 0.062783203125 0.09325
1 0.919677734375 0.18301470588235294 0.031787109375 0.05808823529411765
1 0.58916015625 0.22448529411764706 0.04568359375 0.08741176470588236
1 0.44798828125 0.24379411764705883 0.03751953125 0.07275
1 0.468671875 0.23888235294117646 0.037373046875 0.07548529411764705
1 0.397197265625 0.2701323529411765 0.039130859375 0.06501470588235295
1 0.2747265625 0.2718970588235294 0.033603515625 0.06082352941176471
1 0.195439453125 0.21002941176470588 0.036201171875 0.06736764705882353
1 0.185126953125 0.2881470588235294 0.037353515625 0.06148529411764706
1 0.112666015625 0.2536470588235294 0.041103515625 0.07692647058823529
1 0.140107421875 0.23498529411764704 0.037939453125 0.06466176470588235