0 0.62662109375 0.3633528550512445 0.07802734375 0.11349926793557832
1 0.196552734375 0.3788433382137628 0.046748046875 0.08644216691068814
1 0.017119140625 0.3808784773060029 0.03423828125 0.08478770131771596
1 0.322294921875 0.4546998535871157 0.03693359375 0.05982430453879942
1 0.41841796875 0.44373352855051246 0.031435546875 0.05685212298682284
1 0.4826171875 0.4585797950219619 0.03384765625 0.05275256222547584
1 0.527314453125 0.4089019033674963 0.030400390625 0.05679355783308931
1 0.899873046875 0.46357247437774524 0.027998046875 0.04954612005856516
1 0.7586328125 0.4895461200585652 0.028955078125 0.052664714494875545
1 0.791689453125 0.4746120058565154 0.029365234375 0.05216691068814056
1 0.8730078125 0.39789165446559294 0.02814453125 0.04650073206442167
1 0.736142578125 0.40169838945827235 0.025146484375 0.0463103953147877
1 0.332509765625 0.4116251830161054 0.028720703125 0.05556368960468522
1 0.95908203125 0.47096632503660324 0.025185546875 0.04613469985358712