0 0.294228515625 0.7614973958333334 0.112587890625 0.15282552083333334
0 0.267021484375 0.44542968749999995 0.013232421875 0.020481770833333333
0 0.300283203125 0.4572526041666667 0.0228125 0.036119791666666665
0 0.34904296875 0.46673177083333334 0.0289453125 0.04895833333333333
0 0.365693359375 0.4558984375 0.02228515625 0.03723958333333333
0 0.463681640625 0.4809375 0.041005859375 0.08066406250000001
0 0.846875 0.5724348958333333 0.133701171875 0.25930989583333336
1 0.49021484375 0.4716666666666667 0.0193359375 0.04299479166666667
1 0.535263671875 0.4571614583333334 0.01705078125 0.034609375
1 0.558466796875 0.4973828125 0.039677734375 0.065625
1 0.600849609375 0.4577864583333333 0.018837890625 0.03584635416666667
1 0.623466796875 0.45459635416666666 0.015859375 0.023776041666666668
1 0.658349609375 0.4705989583333334 0.02884765625 0.04438802083333334
1 0.699072265625 0.4643098958333333 0.029736328125 0.048906250000000005
1 0.771982421875 0.44135416666666666 0.016259765625 0.0290234375
1 0.822373046875 0.4166276041666667 0.01548828125 0.024453125000000003
1 0.8630859375 0.4048958333333333 0.015966796875 0.025820312499999998
1 0.84142578125 0.4163802083333333 0.01416015625 0.02303385416666667
1 0.8906640625 0.4200520833333334 0.01740234375 0.027942708333333333
1 0.067197265625 0.4542317708333334 0.028798828125 0.05397135416666667
1 0.116943359375 0.45644531250000003 0.04041015625 0.0779296875
1 0.01517578125 0.43526041666666665 0.028525390625 0.044518229166666666
1 0.2144140625 0.5018098958333334 0.1016796875 0.18005208333333333
1 0.305517578125 0.5361067708333334 0.0835546875 0.13100260416666668
1 0.9320703125 0.4832682291666666 0.05724609375 0.09205729166666667
1 0.981806640625 0.390078125 0.017802734375 0.031406250000000004
1 0.97630859375 0.4934895833333333 0.0346875 0.0503515625