0 0.465537109375 0.6220351390922402 0.097080078125 0.16020497803806735
1 0.633359375 0.4267203513909224 0.08419921875 0.12163982430453879
1 0.648427734375 0.25847730600292823 0.0703515625 0.1308199121522694
1 0.70583984375 0.19228404099560764 0.0872265625 0.17386530014641288
1 0.883603515625 0.17285505124450953 0.031494140625 0.05816983894582723
1 0.9400390625 0.1604685212298682 0.058525390625 0.10086383601756954
1 0.09458984375 0.2332064421669107 0.03708984375 0.07101024890190337
1 0.174677734375 0.22380673499267936 0.036337890625 0.05920937042459736
1 0.46564453125 0.21345534407027816 0.02646484375 0.05058565153733528
1 0.50181640625 0.19131771595900438 0.024541015625 0.05778916544655929
1 0.53794921875 0.19163982430453877 0.02990234375 0.06194729136163983
1 0.285810546875 0.3866910688140557 0.068876953125 0.1286090775988287