0 0.234091796875 0.5072395833333333 0.113671875 0.17611979166666666
0 0.078984375 0.5802994791666667 0.02775390625 0.044270833333333336
0 0.108408203125 0.5729427083333333 0.0337890625 0.05286458333333333
0 0.1501171875 0.543046875 0.069677734375 0.113203125
0 0.327783203125 0.5424088541666666 0.03345703125 0.052643229166666666
0 0.350302734375 0.5515755208333334 0.053466796875 0.070234375
0 0.367666015625 0.5640755208333333 0.024619140625 0.038346354166666666
0 0.44623046875 0.56765625 0.02982421875 0.05248697916666667
0 0.527763671875 0.5211328125 0.06384765625 0.08888020833333334
0 0.5869921875 0.5473177083333333 0.0423046875 0.06221354166666667
0 0.74986328125 0.5512369791666667 0.058779296875 0.0991796875
0 0.807548828125 0.529453125 0.054326171875 0.07326822916666667
0 0.87427734375 0.5069401041666667 0.114580078125 0.15182291666666667