0 0.89388671875 0.4667105263157895 0.0975390625 0.16678362573099415
0 0.021171875 0.2922514619883041 0.042275390625 0.1218421052631579
0 0.082431640625 0.7216228070175438 0.128935546875 0.21076023391812865
0 0.09322265625 0.3703362573099415 0.098310546875 0.12046783625730995
0 0.13892578125 0.25744152046783625 0.064287109375 0.11105263157894736
0 0.175 0.28928362573099414 0.069697265625 0.11154970760233918
0 0.211328125 0.5165643274853801 0.093125 0.14562865497076025
0 0.2718359375 0.3551461988304093 0.07162109375 0.11378654970760234
0 0.30173828125 0.5530994152046783 0.111259765625 0.19486842105263158
0 0.355537109375 0.8193859649122808 0.153544921875 0.22445906432748539
0 0.376123046875 0.3161549707602339 0.085615234375 0.10921052631578948
0 0.4237890625 0.46808479532163744 0.10564453125 0.1651169590643275
0 0.455703125 0.6831140350877193 0.16353515625 0.19985380116959062
0 0.487392578125 0.5420906432748538 0.103076171875 0.1628362573099415
0 0.485986328125 0.38247076023391813 0.07833984375 0.11777777777777779
0 0.567333984375 0.4406140350877193 0.119794921875 0.16770467836257308
0 0.610263671875 0.3029824561403509 0.09509765625 0.10842105263157895
0 0.6481640625 0.6675730994152047 0.160888671875 0.19568713450292397
0 0.698525390625 0.3758625730994152 0.09033203125 0.13219298245614036
0 0.701103515625 0.291359649122807 0.06626953125 0.11464912280701754
0 0.72279296875 0.5288450292397661 0.110634765625 0.16997076023391813
0 0.795322265625 0.348172514619883 0.063818359375 0.09176900584795322
0 0.8390625 0.6471491228070175 0.141689453125 0.20219298245614037
0 0.83923828125 0.264312865497076 0.056845703125 0.10308479532163743
0 0.89525390625 0.40340643274853805 0.1244921875 0.13324561403508772
0 0.96087890625 0.2677923976608187 0.077255859375 0.10985380116959065
0 0.970888671875 0.5001900584795321 0.058212890625 0.13788011695906432
0 0.974453125 0.025219298245614034 0.0340625 0.0489766081871345
0 0.89541015625 0.04861111111111111 0.0312109375 0.057046783625731
0 0.824912109375 0.05830409356725146 0.040908203125 0.06450292397660819
0 0.582802734375 0.2468859649122807 0.08615234375 0.08960526315789473
0 0.500556640625 0.11346491228070175 0.04236328125 0.0627046783625731
0 0.55794921875 0.15564327485380117 0.04091796875 0.07684210526315789
0 0.2989453125 0.12195906432748538 0.07060546875 0.07723684210526316
0 0.410693359375 0.0525 0.032568359375 0.06469298245614036
0 0.029384765625 0.5251608187134502 0.05876953125 0.1683918128654971
0 0.21318359375 0.2241520467836257 0.05490234375 0.10245614035087719
0 0.32732421875 0.28476608187134506 0.08896484375 0.134093567251462