0 0.6476171875 0.15282352941176472 0.0973828125 0.1493970588235294
1 0.088505859375 0.19567647058823529 0.03103515625 0.05544117647058824
1 0.12765625 0.1811029411764706 0.04046875 0.061882352941176465
1 0.0545703125 0.1753823529411765 0.02587890625 0.055102941176470584
1 0.020947265625 0.21272058823529413 0.025439453125 0.04651470588235294
1 0.220830078125 0.2379705882352941 0.029404296875 0.056808823529411766
1 0.30701171875 0.20386764705882351 0.03576171875 0.06320588235294117
1 0.37537109375 0.25570588235294117 0.0294921875 0.05554411764705883
1 0.425361328125 0.20136764705882354 0.0415625 0.0645
1 0.411376953125 0.2866764705882353 0.0282421875 0.05969117647058824
1 0.368603515625 0.31738235294117645 0.03060546875 0.049676470588235294
1 0.749697265625 0.18813235294117647 0.04431640625 0.08425
1 0.765888671875 0.12135294117647058 0.031357421875 0.057823529411764704
1 0.888154296875 0.11494117647058823 0.0540625 0.08070588235294118
1 0.979560546875 0.17177941176470587 0.04087890625 0.07361764705882354
1 0.272919921875 0.2089705882352941 0.02650390625 0.05186764705882353