0 0.443916015625 0.3967675544794189 0.122958984375 0.1847457627118644
0 0.883818359375 0.27426150121065374 0.067275390625 0.08119854721549637
0 0.895029296875 0.3201937046004843 0.073427734375 0.10537530266343827
1 0.312255859375 0.277046004842615 0.07345703125 0.08541162227602905
1 0.355146484375 0.23077481840193706 0.0490234375 0.08624697336561743
1 0.482060546875 0.27003631961259084 0.044765625 0.06791767554479419
1 0.565419921875 0.2615133171912833 0.049638671875 0.08272397094430993
1 0.681083984375 0.24324455205811135 0.047998046875 0.08309927360774819
1 0.7868359375 0.18444309927360775 0.047451171875 0.06794188861985472
1 0.672626953125 0.1374455205811138 0.04037109375 0.06087167070217918
1 0.434658203125 0.28154963680387407 0.06296875 0.06326876513317191
1 0.456396484375 0.20008474576271187 0.043662109375 0.06981840193704601
1 0.64455078125 0.24905569007263922 0.04048828125 0.0639951573849879
1 0.776904296875 0.26299031476997575 0.04013671875 0.07284503631961259
1 0.757802734375 0.17923728813559323 0.046572265625 0.0713680387409201
1 0.974482421875 0.1775181598062954 0.04328125 0.047179176755447944
1 0.983046875 0.25653753026634385 0.033896484375 0.06341404358353511
1 0.914560546875 0.21428571428571427 0.04201171875 0.06882566585956416
1 0.520419921875 0.27171912832929784 0.0417578125 0.06535108958837772
1 0.3737890625 0.2080266343825666 0.048642578125 0.07015738498789346
1 0.643623046875 0.3241767554479419 0.05119140625 0.07071428571428572
1 0.493369140625 0.8446004842615011 0.2508203125 0.3107869249394673
1 0.717216796875 0.869685230024213 0.202578125 0.26062953995157384
1 0.87208984375 0.831319612590799 0.1775 0.23405569007263924
1 0.937705078125 0.7566585956416465 0.124580078125 0.2542372881355932
1 0.13564453125 0.8938983050847458 0.271279296875 0.2122033898305085
1 0.0774609375 0.7500242130750605 0.154912109375 0.23231234866828085