0 0.5448828125 0.23199121522693997 0.094345703125 0.1596632503660322
1 0.634287109375 0.1394143484626647 0.034404296875 0.0604099560761347
1 0.5634765625 0.13945827232796487 0.03109375 0.05890190336749634
1 0.70841796875 0.10045387994143484 0.031171875 0.060819912152269395
1 0.789931640625 0.14647144948755492 0.040595703125 0.06660322108345534
1 0.87775390625 0.10256222547584187 0.0283203125 0.06584187408491947
1 0.4648828125 0.09626647144948755 0.031318359375 0.06592972181551977
1 0.422802734375 0.1669546120058565 0.02931640625 0.0626207906295754
1 0.36302734375 0.15251830161054172 0.029248046875 0.0630307467057101
1 0.3244921875 0.10436310395314788 0.029716796875 0.057144948755490484
1 0.249072265625 0.1525475841874085 0.032021484375 0.06250366032210834
1 0.13990234375 0.1595754026354319 0.03048828125 0.06024890190336749
1 0.07833984375 0.10379209370424597 0.02513671875 0.041376281112737924
1 0.035830078125 0.1222108345534407 0.02857421875 0.05843338213762811