0 0.303740234375 0.5281405563689605 0.221748046875 0.26836017569546117
0 0.02787109375 0.22404099560761348 0.0557421875 0.13183016105417278
0 0.039384765625 0.19658857979502198 0.07876953125 0.09288433382137627
0 0.116826171875 0.6028111273792094 0.23365234375 0.4044948755490483
0 0.08185546875 0.1320497803806735 0.080771484375 0.06948755490483163
0 0.1226953125 0.23695461200585652 0.094970703125 0.11275256222547585
0 0.172236328125 0.3058711566617862 0.11666015625 0.14486090775988286
0 0.223515625 0.20660322108345536 0.077353515625 0.10433382137628112
0 0.35107421875 0.3757247437774524 0.146279296875 0.19806734992679356
0 0.4112890625 0.2342313323572474 0.10236328125 0.1270424597364568
0 0.4465234375 0.32587115666178623 0.117568359375 0.15153733528550511
0 0.6834765625 0.15156661786237188 0.057587890625 0.06494875549048316
1 0.894755859375 0.763865300146413 0.14521484375 0.2820644216691069
1 0.906240234375 0.5070278184480235 0.103544921875 0.15900439238653
1 0.803642578125 0.2792679355783309 0.071728515625 0.13101024890190338