0 0.469130859375 0.3017155425219942 0.059658203125 0.09906158357771261
0 0.688740234375 0.28838709677419355 0.087421875 0.10739002932551318
1 0.04689453125 0.45008797653958943 0.040986328125 0.06041055718475074
1 0.138876953125 0.4503812316715543 0.033583984375 0.06107038123167155
1 0.038876953125 0.3427859237536657 0.03814453125 0.05966275659824047
1 0.072587890625 0.3436950146627566 0.03849609375 0.06403225806451614
1 0.112470703125 0.34642228739002934 0.034111328125 0.06117302052785924
1 0.011904296875 0.30592375366568914 0.023798828125 0.06275659824046921
1 0.160625 0.34719941348973604 0.039130859375 0.053621700879765394
1 0.2096875 0.34184750733137825 0.0366015625 0.04705278592375367
1 0.187001953125 0.44533724340175956 0.031923828125 0.060806451612903226
1 0.220634765625 0.4429618768328446 0.038154296875 0.061847507331378296
1 0.254072265625 0.3573460410557185 0.028583984375 0.056011730205278595
1 0.292021484375 0.33181818181818185 0.03125 0.04541055718475073
1 0.326015625 0.32680351906158356 0.027470703125 0.051422287390029325
1 0.377041015625 0.3271407624633431 0.0281640625 0.04454545454545454
1 0.52025390625 0.34741935483870967 0.032666015625 0.05152492668621701
1 0.55416015625 0.39187683284457475 0.02818359375 0.048519061583577716
1 0.539609375 0.3352932551319648 0.024208984375 0.046730205278592375
1 0.064716796875 0.305366568914956 0.027724609375 0.056788856304985334
1 0.1533203125 0.31815249266862167 0.03525390625 0.05741935483870967
1 0.78080078125 0.3844574780058651 0.02201171875 0.040278592375366566
1 0.821787109375 0.3840029325513196 0.0241015625 0.04338709677419355
1 0.837001953125 0.3803225806451613 0.030654296875 0.038958944281524924
1 0.868974609375 0.37887096774193546 0.02154296875 0.03928152492668622
1 0.895546875 0.3857184750733138 0.0248828125 0.04475073313782991
1 0.928916015625 0.3758651026392962 0.029716796875 0.041774193548387094
1 0.91015625 0.3635923753665689 0.019521484375 0.038020527859237534
1 0.945859375 0.37395894428152493 0.020224609375 0.037082111436950144
1 0.96734375 0.3785190615835777 0.020029296875 0.035703812316715544
1 0.98439453125 0.38659824046920827 0.018193359375 0.03329912023460411
1 0.879296875 0.500909090909091 0.029580078125 0.04189149560117302
1 0.91046875 0.5024340175953079 0.018154296875 0.03777126099706745
1 0.938251953125 0.5086950146627566 0.021708984375 0.03873900293255132
1 0.9573828125 0.49793255131964803 0.0228125 0.03994134897360704
1 0.956025390625 0.4465542521994135 0.021025390625 0.041906158357771256
1 0.985595703125 0.4641495601173021 0.025224609375 0.03425219941348973