0 0.26025862068965516 0.2713101604278075 0.020172413793103448 0.034251336898395726
0 0.611396551724138 0.2867379679144385 0.021017241379310343 0.032058823529411765
0 0.5056551724137931 0.30582887700534755 0.025482758620689654 0.03510695187165776
0 0.7543793103448276 0.3044385026737968 0.018568965517241378 0.03606951871657754
0 0.9312413793103448 0.312379679144385 0.02006896551724138 0.03737967914438503
0 0.6527413793103448 0.36331550802139034 0.02562068965517241 0.04844919786096257
0 0.8406896551724138 0.35500000000000004 0.026 0.04090909090909091
0 0.3352241379310345 0.3657754010695187 0.020120689655172413 0.03783422459893048
0 0.44403448275862073 0.32315508021390377 0.02143103448275862 0.04197860962566845
0 0.14175862068965517 0.3695187165775401 0.021793103448275862 0.03748663101604278
0 0.46187931034482754 0.37371657754010695 0.024379310344827588 0.03855614973262032
0 0.5893793103448275 0.39441176470588235 0.026293103448275863 0.04705882352941177
0 0.27641379310344827 0.39740641711229946 0.02839655172413793 0.04144385026737968
0 0.7598103448275862 0.40160427807486626 0.027086206896551727 0.04401069518716578
0 0.4013103448275862 0.4049465240641711 0.021844827586206896 0.04016042780748663
0 0.4263103448275862 0.4186631016042781 0.022500000000000003 0.045454545454545456
0 0.20529310344827584 0.46486631016042784 0.02113793103448276 0.04093582887700535
0 0.2946379310344827 0.4856951871657754 0.022344827586206897 0.0481283422459893
0 0.0853103448275862 0.5285561497326203 0.02481034482758621 0.0470855614973262
0 0.560051724137931 0.5273262032085562 0.027 0.04887700534759359
0 0.3854655172413793 0.5380748663101604 0.029086206896551725 0.05165775401069519
0 0.22348275862068967 0.5327807486631015 0.024189655172413792 0.045748663101604276
0 0.7171724137931034 0.5387967914438503 0.03620689655172414 0.046844919786096256
0 0.04427586206896552 0.577566844919786 0.025586206896551725 0.04631016042780749
0 0.020465517241379308 0.5726737967914439 0.02413793103448276 0.0413903743315508
0 0.5444655172413794 0.6011229946524064 0.0345 0.05010695187165775
0 0.7254655172413793 0.5982620320855615 0.03358620689655172 0.0467379679144385
0 0.3169137931034483 0.6260695187165776 0.030896551724137935 0.04647058823529412
0 0.3533448275862069 0.6343850267379679 0.03377586206896552 0.04631016042780749
0 0.7638620689655172 0.6985294117647058 0.03408620689655172 0.06128342245989305
0 0.5885 0.7169786096256684 0.02968965517241379 0.051256684491978614
0 0.23148275862068965 0.7410695187165776 0.03158620689655173 0.0508288770053476
0 0.28443103448275864 0.7531550802139038 0.039655172413793106 0.06010695187165776
0 0.4628103448275862 0.7695989304812834 0.03746551724137931 0.06494652406417112
0 0.7941896551724138 0.8069786096256685 0.03732758620689655 0.0661764705882353
0 0.17410344827586208 0.8204010695187165 0.03767241379310345 0.06906417112299465
0 0.44189655172413794 0.08770053475935828 0.015620689655172415 0.029144385026737968
0 0.3134310344827586 0.833903743315508 0.037086206896551725 0.06077540106951872
0 0.17558620689655172 0.6404010695187166 0.028517241379310342 0.05331550802139038
0 0.35855172413793107 0.8606417112299465 0.03587931034482758 0.05973262032085561
0 0.039310344827586205 0.12422459893048128 0.016672413793103448 0.025160427807486632
0 0.15898275862068964 0.14462566844919786 0.013224137931034483 0.02890374331550802
0 0.1713448275862069 0.1446524064171123 0.013224137931034483 0.026550802139037433
0 0.08196551724137931 0.22312834224598932 0.017655172413793104 0.034759358288770054
0 0.2517241379310345 0.23433155080213905 0.02020689655172414 0.029759358288770056
0 0.3513448275862069 0.2524866310160428 0.017689655172413794 0.03213903743315508
0 0.5005172413793104 0.27016042780748667 0.01963793103448276 0.03216577540106952
0 0.16515517241379313 0.223048128342246 0.017482758620689657 0.03358288770053476
0 0.3020689655172414 0.29668449197860963 0.022258620689655173 0.033556149732620326
0 0.3828103448275862 0.2882085561497326 0.018844827586206897 0.034999999999999996
0 0.8178448275862069 0.45959893048128336 0.029017241379310343 0.04184491978609626
0 0.46374137931034487 0.4769251336898396 0.032 0.03975935828877005
0 0.19367241379310343 0.42885026737967913 0.01989655172413793 0.03978609625668449
0 0.009431034482758621 0.1170855614973262 0.01346551724137931 0.02358288770053476
0 0.9479310344827585 0.3149197860962567 0.019017241379310344 0.035240641711229946