0 0.469091796875 0.7629687500000001 0.1473828125 0.2580208333333333
0 0.01951171875 0.5978645833333334 0.0390234375 0.0916015625
0 0.109775390625 0.5790625 0.0978515625 0.15131510416666666
0 0.190654296875 0.5915364583333333 0.041806640625 0.06979166666666667
0 0.2195703125 0.6293098958333333 0.063271484375 0.07895833333333334
0 0.309677734375 0.6029166666666667 0.05349609375 0.07680989583333334
0 0.31919921875 0.6537890625 0.05935546875 0.08615885416666667
0 0.327177734375 0.5757552083333334 0.04205078125 0.058190104166666666
0 0.394833984375 0.60984375 0.0798828125 0.13553385416666666
0 0.470478515625 0.6183984375 0.052890625 0.0666796875
0 0.485205078125 0.572734375 0.04369140625 0.059518229166666665
0 0.553330078125 0.5853385416666667 0.054345703125 0.07766927083333333
0 0.594443359375 0.7552734375 0.09576171875 0.16779947916666668
0 0.61177734375 0.5962500000000001 0.057236328125 0.09653645833333334
0 0.654970703125 0.6486458333333334 0.067998046875 0.0972265625
0 0.792744140625 0.6403255208333333 0.052421875 0.083359375
0 0.813017578125 0.8218880208333333 0.071298828125 0.1296484375
0 0.84666015625 0.7743619791666667 0.117177734375 0.16753906249999997
0 0.9748828125 0.6843489583333334 0.050234375 0.12196614583333333