0 0.04975 0.3123558897243108 0.044783333333333335 0.07929824561403509
0 0.08818333333333332 0.3589724310776942 0.05788333333333333 0.12786967418546366
0 0.15133333333333332 0.2805513784461153 0.05533333333333334 0.11228070175438595
0 0.22823333333333332 0.3778696741854637 0.07476666666666666 0.13345864661654136
0 0.3645333333333333 0.30889724310776945 0.06436666666666667 0.11714285714285715
0 0.42105 0.2984210526315789 0.0509 0.08546365914786967
0 0.5078833333333334 0.4005764411027569 0.08111666666666667 0.16097744360902258
0 0.5734 0.294937343358396 0.06113333333333333 0.124937343358396
0 0.6096833333333334 0.31842105263157894 0.04466666666666667 0.08609022556390977
0 0.8009833333333333 0.29097744360902256 0.06920000000000001 0.13669172932330828
0 0.9004333333333333 0.35621553884711776 0.09091666666666666 0.16701754385964912