0 0.037529296875 0.4084963503649635 0.06837890625 0.10313868613138687
0 0.012109375 0.35378102189781024 0.02421875 0.05256934306569343
0 0.05408203125 0.33725547445255477 0.03560546875 0.06515328467153285
0 0.08314453125 0.35145985401459856 0.040302734375 0.0721021897810219
0 0.14140625 0.36024817518248176 0.05306640625 0.08997080291970803
0 0.148642578125 0.2527591240875912 0.06197265625 0.08772262773722628
0 0.195263671875 0.2579270072992701 0.0318359375 0.045328467153284674
0 0.2756640625 0.4007737226277372 0.092333984375 0.1412116788321168
0 0.2645703125 0.2929051094890511 0.063046875 0.09722627737226276
0 0.349990234375 0.49775182481751823 0.1630859375 0.22675912408759125
0 0.317783203125 0.33265693430656934 0.073212890625 0.12932846715328467
0 0.35978515625 0.26291970802919706 0.035478515625 0.0711970802919708
0 0.8836328125 0.785051094890511 0.232734375 0.4269635036496351
0 0.91330078125 0.06527007299270073 0.02369140625 0.04525547445255475
0 0.9480078125 0.11636496350364962 0.04744140625 0.08306569343065694
0 0.98365234375 0.05675912408759125 0.030712890625 0.06235036496350365
0 0.39994140625 0.22605839416058393 0.020400390625 0.04557664233576642
0 0.424453125 0.2052992700729927 0.031298828125 0.051167883211678825
0 0.50892578125 0.18877372262773723 0.037744140625 0.055941605839416056
0 0.465947265625 0.18832116788321168 0.023095703125 0.04089051094890511
0 0.554951171875 0.1736788321167883 0.025322265625 0.050131386861313874
0 0.490087890625 0.2379124087591241 0.036083984375 0.05788321167883211
0 0.58154296875 0.16421897810218977 0.019814453125 0.037868613138686134
0 0.6278125 0.19891970802919706 0.040732421875 0.08432116788321167
0 0.648046875 0.22281751824817517 0.052958984375 0.10394160583941606
0 0.677177734375 0.25259854014598543 0.0783984375 0.12563503649635036
0 0.6390625 0.3076058394160584 0.093740234375 0.14337226277372261
0 0.66017578125 0.1364817518248175 0.024267578125 0.04524087591240876
0 0.7040625 0.16802919708029196 0.049140625 0.08613138686131387
0 0.727099609375 0.14823357664233577 0.038955078125 0.06991240875912409
0 0.76224609375 0.10588321167883212 0.0303515625 0.04766423357664233
0 0.806416015625 0.09623357664233577 0.02142578125 0.03773722627737226
0 0.862421875 0.1175912408759124 0.0428125 0.06935766423357664
0 0.863603515625 0.2213722627737226 0.08267578125 0.11427737226277372