0 0.775078125 0.22372058823529412 0.1000390625 0.16879411764705882
0 0.0540625 0.508 0.0659765625 0.0975735294117647
0 0.12787109375 0.5158529411764705 0.075703125 0.1298529411764706
0 0.203505859375 0.4981764705882353 0.06927734375 0.11639705882352942
0 0.198427734375 0.26016176470588237 0.041767578125 0.07363235294117647
0 0.39271484375 0.22349999999999998 0.036611328125 0.06994117647058824
0 0.4423046875 0.40761764705882353 0.04572265625 0.0776470588235294
1 0.242626953125 0.2771470588235294 0.0252734375 0.04377941176470588
1 0.270205078125 0.24301470588235294 0.0199609375 0.04323529411764706
1 0.33462890625 0.23523529411764707 0.02505859375 0.05461764705882353
1 0.483037109375 0.27775 0.02443359375 0.047382352941176466
1 0.106494140625 0.2346029411764706 0.02482421875 0.057382352941176475
1 0.06224609375 0.26425 0.02185546875 0.04038235294117647
1 0.03341796875 0.2622058823529412 0.02578125 0.045294117647058825
1 0.0111328125 0.2525 0.022265625 0.04617647058823529
0 0.662568359375 0.41800000000000004 0.065029296875 0.08710294117647058