0 0.926015625 0.3483676470588235 0.14796875 0.3728235294117647
1 0.28939453125 0.3639558823529412 0.13154296875 0.25761764705882356
1 0.79556640625 0.3593088235294118 0.1246484375 0.21125000000000002
1 0.7330078125 0.18141176470588236 0.05978515625 0.11744117647058823
1 0.272529296875 0.20176470588235293 0.073212890625 0.10704411764705883
1 0.156484375 0.29058823529411765 0.077900390625 0.14411764705882352
1 0.038173828125 0.23238235294117648 0.07294921875 0.17594117647058824
1 0.12294921875 0.15027941176470588 0.07107421875 0.12970588235294117
1 0.846142578125 0.2111764705882353 0.11349609375 0.20022058823529412
1 0.04123046875 0.43958823529411767 0.082451171875 0.19722058823529415
1 0.0759765625 0.23754411764705882 0.08220703125 0.1545294117647059