0 0.049814453125 0.5958064516129032 0.07283203125 0.11961876832844574
0 0.3140625 0.49960410557184753 0.032021484375 0.04652492668621701
0 0.36453125 0.4836510263929619 0.035009765625 0.047155425219941344
0 0.454375 0.5934457478005866 0.06654296875 0.0924633431085044
0 0.508544921875 0.5633870967741936 0.05216796875 0.07344574780058652
0 0.5066796875 0.4114222873900293 0.0456640625 0.06456011730205279
0 0.54947265625 0.49752199413489734 0.044345703125 0.057155425219941346
0 0.7678125 0.43807917888563047 0.027314453125 0.04058651026392962
0 0.789580078125 0.43263929618768326 0.036455078125 0.05435483870967742
0 0.88419921875 0.42753665689149556 0.039677734375 0.04947214076246335
0 0.900556640625 0.5245601173020528 0.04587890625 0.08
0 0.589453125 0.4185190615835777 0.029794921875 0.04919354838709677
0 0.667724609375 0.5224486803519062 0.051513671875 0.06466275659824047
1 0.654453125 0.4169941348973607 0.023701171875 0.04763929618768329
1 0.563896484375 0.4313049853372434 0.02642578125 0.04557184750733138