0 0.54822265625 0.10734214390602055 0.05392578125 0.1218942731277533
0 0.650654296875 0.133215859030837 0.08216796875 0.15537444933920705
0 0.74619140625 0.18145374449339205 0.137177734375 0.23720998531571216
0 0.74806640625 0.013245227606461086 0.0151171875 0.022276064610866373
0 0.906318359375 0.2799559471365639 0.186376953125 0.5599118942731278
1 0.10755859375 0.23706314243759177 0.2151171875 0.2785022026431718
0 0.160224609375 0.016622613803230542 0.016357421875 0.023832599118942734
0 0.190400390625 0.012672540381791485 0.016337890625 0.023891336270190897
0 0.227177734375 0.011938325991189429 0.01568359375 0.022114537444933923
0 0.246142578125 0.03930983847283407 0.012978515625 0.021835535976505137
0 0.827939453125 0.029162995594713654 0.015205078125 0.021277533039647578
0 0.80560546875 0.020837004405286342 0.0173828125 0.022011747430249633
0 0.788369140625 0.013392070484581497 0.010576171875 0.016666666666666666
0 0.7776953125 0.01408223201174743 0.01107421875 0.01787077826725404
0 0.758466796875 0.01079295154185022 0.01220703125 0.019001468428781202
0 0.841640625 0.024654919236417033 0.012255859375 0.02080763582966226
0 0.8384375 0.00947136563876652 0.013212890625 0.01895741556534508
0 0.875986328125 0.013348017621145375 0.014697265625 0.02303964757709251
0 0.887490234375 0.024875183553597652 0.01314453125 0.024185022026431715
0 0.809990234375 0.01461086637298091 0.013271484375 0.020234948604992656