0 0.6554296875 0.37674963396778915 0.112685546875 0.19916544655929722
1 0.008681640625 0.23030746705710103 0.017353515625 0.051215226939970715
1 0.03572265625 0.21314787701317717 0.02462890625 0.05645680819912153
1 0.057626953125 0.2565592972181552 0.024970703125 0.05396778916544656
1 0.10845703125 0.251493411420205 0.02669921875 0.05237188872620791
1 0.134912109375 0.2481259150805271 0.025 0.0556515373352855
1 0.139892578125 0.21467057101024892 0.02529296875 0.046954612005856516
1 0.16771484375 0.2495900439238653 0.02669921875 0.05857979502196193
1 0.16638671875 0.21038067349926792 0.02701171875 0.05250366032210835
1 0.19564453125 0.1935285505124451 0.0249609375 0.04783308931185944
1 0.1907421875 0.22537335285505125 0.024814453125 0.047452415812591506
1 0.21109375 0.22891654465592973 0.025390625 0.04938506588579795
1 0.2362109375 0.18900439238653002 0.028115234375 0.05855051244509517
1 0.27064453125 0.1917423133235725 0.02740234375 0.05623718887262079
1 0.306416015625 0.1997364568081991 0.029365234375 0.05926793557833089
1 0.343369140625 0.20188872620790627 0.031083984375 0.05830161054172767
1 0.3593359375 0.1710541727672035 0.0305859375 0.05267935578330893
1 0.394482421875 0.2178477306002928 0.029150390625 0.05726207906295754
1 0.42591796875 0.18387994143484626 0.029345703125 0.05932650073206443
1 0.457001953125 0.1727086383601757 0.02841796875 0.06288433382137629
1 0.4583203125 0.2940702781844802 0.02931640625 0.05096632503660323
1 0.4876953125 0.23691068814055638 0.02841796875 0.05330893118594436
1 0.492939453125 0.17159590043923867 0.025078125 0.05354319180087848
1 0.510556640625 0.2072913616398243 0.02833984375 0.05882869692532943
1 0.53537109375 0.20978038067349927 0.028193359375 0.05944363103953148
1 0.54263671875 0.17001464128843338 0.02935546875 0.05374816983894583
1 0.56109375 0.20169838945827231 0.0295703125 0.058931185944363106
1 0.587294921875 0.21518301610541726 0.02755859375 0.05591508052708638
1 0.616103515625 0.20093704245973648 0.032578125 0.06314787701317716
1 0.646025390625 0.18232796486090777 0.029208984375 0.05989751098096632
1 0.684169921875 0.16919472913616398 0.02978515625 0.0643484626647145
1 0.70568359375 0.1691800878477306 0.0322265625 0.06480234260614934
1 0.741845703125 0.19243045387994145 0.0340234375 0.06657393850658858
1 0.7977734375 0.21354319180087847 0.03365234375 0.06613469985358712
1 0.84337890625 0.1536749633967789 0.029296875 0.05506588579795022
1 0.87357421875 0.16086383601756954 0.034609375 0.06742313323572474
1 0.9349609375 0.1169692532942899 0.033740234375 0.06715959004392386