0 0.537275390625 0.36919472913616397 0.18462890625 0.25010248901903365
1 0.17314453125 0.46399707174231336 0.045322265625 0.07748169838945827
1 0.08390625 0.4594582723279649 0.0275390625 0.05241581259150805
1 0.138857421875 0.4740409956076134 0.036240234375 0.07092240117130306
1 0.389921875 0.47897510980966324 0.0412109375 0.0874524158125915
1 0.452197265625 0.4844509516837482 0.0396875 0.07178623718887263
1 0.730576171875 0.58 0.04796875 0.08288433382137628
1 0.830732421875 0.5599707174231332 0.044423828125 0.09373352855051244
1 0.897783203125 0.5198243045387995 0.0483984375 0.09329428989751098
1 0.95650390625 0.5124450951683748 0.034453125 0.06787701317715959
1 0.201767578125 0.4606588579795022 0.047099609375 0.08571010248901903
1 0.2292578125 0.45125915080527085 0.03791015625 0.07162518301610542
1 0.290859375 0.48610541727672035 0.03345703125 0.06799414348462664
1 0.7574609375 0.5633528550512444 0.0284765625 0.06014641288433382
1 0.863173828125 0.5483455344070278 0.02517578125 0.050541727672035144