0 0.10539583333333334 0.7282500000000001 0.17185416666666667 0.26319444444444445
0 0.303 0.7161944444444444 0.16875 0.2649444444444444
0 0.5000416666666667 0.7185833333333334 0.17910416666666668 0.26216666666666666
0 0.6895833333333333 0.7278333333333333 0.17708333333333334 0.26122222222222224
0 0.8906666666666666 0.7223333333333334 0.19354166666666667 0.27672222222222226
0 0.28650000000000003 0.5158333333333333 0.0630625 0.09008333333333333
0 0.28891666666666665 0.38855555555555554 0.06383333333333334 0.09216666666666666
0 0.7155 0.5166944444444445 0.06204166666666667 0.08875
0 0.6416666666666667 0.39341666666666664 0.0616875 0.08636111111111111
0 0.7174375000000001 0.3928611111111111 0.06627083333333333 0.08697222222222221
0 0.35535416666666664 0.39038888888888884 0.06364583333333333 0.08777777777777779
1 0.4908541666666667 0.26594444444444443 0.11191666666666666 0.19855555555555557