0 0.27349609375 0.70296875 0.056083984375 0.08654947916666667
0 0.797734375 0.614140625 0.045087890625 0.06270833333333332
0 0.83986328125 0.5834244791666666 0.047001953125 0.055546874999999996
0 0.885205078125 0.41803385416666666 0.02646484375 0.036783854166666664
0 0.91751953125 0.406015625 0.0283984375 0.037265625000000004
0 0.9686328125 0.5886848958333334 0.062734375 0.0975390625
0 0.972626953125 0.4379427083333333 0.02759765625 0.037265625000000004
0 0.860859375 0.7249348958333334 0.134326171875 0.17518229166666666
1 0.19923828125 0.7361588541666667 0.09380859375 0.15687500000000001
1 0.058857421875 0.6666145833333333 0.0553125 0.08248697916666667
1 0.174697265625 0.6389973958333334 0.046298828125 0.07217447916666667
1 0.266220703125 0.620859375 0.04013671875 0.07684895833333334
1 0.27623046875 0.49971354166666665 0.039365234375 0.05747395833333333
1 0.15876953125 0.3936979166666667 0.041845703125 0.04588541666666667
1 0.361513671875 0.4526953125 0.037119140625 0.05393229166666667
1 0.382685546875 0.407734375 0.022587890625 0.037122395833333335
1 0.41212890625 0.4168359375 0.02142578125 0.04352864583333333
1 0.457890625 0.416328125 0.01984375 0.03794270833333333
1 0.489287109375 0.42598958333333337 0.019072265625 0.03756510416666667
1 0.518388671875 0.43167968749999996 0.0178515625 0.036119791666666665
1 0.55296875 0.44527343750000004 0.02208984375 0.03536458333333333
1 0.57724609375 0.4436848958333333 0.02150390625 0.035859375
1 0.614453125 0.429609375 0.024462890625 0.041380208333333335
1 0.6194921875 0.5352994791666666 0.024921875 0.0441015625
1 0.585595703125 0.5488411458333333 0.028583984375 0.04783854166666667
1 0.5444921875 0.5651822916666667 0.034326171875 0.045703125000000004
1 0.563818359375 0.602578125 0.038974609375 0.0659765625
1 0.626669921875 0.5820182291666667 0.041005859375 0.051679687499999995
1 0.727890625 0.4329427083333333 0.02837890625 0.0386328125
1 0.7566015625 0.43768229166666667 0.02740234375 0.04493489583333333
1 0.775986328125 0.40175781250000003 0.022900390625 0.034453125
1 0.7882421875 0.429765625 0.023349609375 0.036432291666666665
1 0.8383984375 0.4489973958333333 0.031943359375 0.04614583333333333
1 0.858203125 0.4377734375 0.022080078125 0.03731770833333333
1 0.87787109375 0.48046875 0.0287890625 0.038971354166666666
1 0.905029296875 0.4694921875 0.0284765625 0.03846354166666666
1 0.917392578125 0.4502734375 0.029150390625 0.037578125
1 0.951533203125 0.48959635416666664 0.036630859375 0.0466015625
1 0.98962890625 0.4852473958333334 0.020751953125 0.039765625
1 0.968974609375 0.5124348958333333 0.03716796875 0.059296875
1 0.930341796875 0.609375 0.043681640625 0.05813802083333333
1 0.900517578125 0.5790885416666667 0.03826171875 0.05661458333333333
1 0.9630078125 0.6934635416666667 0.073984375 0.11988281249999999
1 0.73228515625 0.7053124999999999 0.08052734375 0.12513020833333333
1 0.760341796875 0.6242447916666667 0.058330078125 0.07195312499999999
1 0.7245703125 0.5654166666666667 0.040693359375 0.05036458333333333
1 0.756611328125 0.5585416666666666 0.03498046875 0.04872395833333334
1 0.825771484375 0.5410416666666666 0.039091796875 0.049179687500000006
1 0.685869140625 0.5181380208333334 0.02798828125 0.04436197916666667
1 0.692236328125 0.5876302083333333 0.03279296875 0.05079427083333333
1 0.711220703125 0.65109375 0.046767578125 0.06338541666666667
1 0.470029296875 0.5903645833333333 0.038818359375 0.06009114583333333
1 0.43109375 0.5677213541666667 0.026748046875 0.047968750000000004
1 0.35705078125 0.6773958333333333 0.042939453125 0.076796875
1 0.3951171875 0.7394791666666666 0.08873046875 0.16545572916666665
1 0.493623046875 0.7176302083333334 0.047841796875 0.0896484375
1 0.60359375 0.7811458333333333 0.086767578125 0.13671875
1 0.547451171875 0.8458333333333333 0.073154296875 0.11852864583333333
1 0.611845703125 0.94640625 0.123515625 0.10717447916666667