0 0.3676171875 0.44763503649635034 0.0480859375 0.0958978102189781
1 0.941904296875 0.025722627737226278 0.018173828125 0.03446715328467153
1 0.8934765625 0.01178102189781022 0.01896484375 0.02356204379562044
1 0.80146484375 0.017766423357664235 0.01884765625 0.03553284671532847
1 0.8397265625 0.07143065693430657 0.01841796875 0.034729927007299266
1 0.764130859375 0.07535766423357664 0.01705078125 0.0395036496350365
1 0.657841796875 0.027430656934306567 0.016826171875 0.03478832116788321
1 0.639130859375 0.020204379562043795 0.020205078125 0.03500729927007299
1 0.576064453125 0.02097810218978102 0.01498046875 0.03113868613138686
1 0.545341796875 0.04348905109489051 0.0144921875 0.02983941605839416
1 0.504453125 0.044963503649635035 0.013837890625 0.030467153284671533
1 0.4701953125 0.03521167883211679 0.015576171875 0.035664233576642335
1 0.395712890625 0.04315328467153284 0.014375 0.030686131386861312
1 0.359345703125 0.040131386861313866 0.016044921875 0.035474452554744525
1 0.311962890625 0.042394160583941604 0.0183984375 0.0315036496350365
1 0.251953125 0.025503649635036495 0.017216796875 0.03169343065693431
1 0.23283203125 0.04491970802919708 0.016171875 0.031927007299270074
1 0.172470703125 0.039722627737226276 0.017900390625 0.037722627737226275
1 0.131181640625 0.04121167883211679 0.01798828125 0.03454014598540146
1 0.09482421875 0.038072992700729925 0.018642578125 0.030569343065693432
1 0.05044921875 0.05287591240875912 0.018232421875 0.03702189781021898
1 0.028994140625 0.053270072992700736 0.015615234375 0.03316788321167883