0 0.367841796875 0.4471094890510949 0.0469921875 0.09334306569343065
1 0.028759765625 0.05322627737226277 0.015869140625 0.03217518248175182
1 0.05126953125 0.05435036496350364 0.018515625 0.03005839416058394
1 0.09494140625 0.03891970802919708 0.01818359375 0.03173722627737226
1 0.130732421875 0.040700729927007295 0.016328125 0.03442335766423357
1 0.171884765625 0.03851094890510949 0.017529296875 0.03770802919708029
1 0.251435546875 0.024715328467153283 0.017705078125 0.034686131386861316
1 0.232861328125 0.044569343065693434 0.018544921875 0.03232116788321168
1 0.27080078125 0.035503649635036494 0.014794921875 0.03221897810218978
1 0.312353515625 0.041459854014598535 0.01861328125 0.032671532846715326
1 0.358740234375 0.038627737226277374 0.01640625 0.03246715328467153
1 0.39564453125 0.043839416058394164 0.016416015625 0.03195620437956204
1 0.43083984375 0.038642335766423355 0.016669921875 0.033605839416058395
1 0.470263671875 0.03315328467153285 0.01732421875 0.03407299270072993
1 0.46005859375 0.023226277372262773 0.01591796875 0.030613138686131386
1 0.504326171875 0.0454014598540146 0.014580078125 0.03235036496350365
1 0.5457421875 0.043065693430656936 0.01521484375 0.03315328467153285
1 0.576396484375 0.019766423357664233 0.016611328125 0.03408759124087592
1 0.503232421875 0.02494890510948905 0.01640625 0.030773722627737223
1 0.6392578125 0.017722627737226278 0.019208984375 0.03545985401459854
1 0.657841796875 0.026481751824817518 0.018740234375 0.03221897810218978
1 0.72705078125 0.02122627737226277 0.018701171875 0.0358978102189781
1 0.763486328125 0.07337226277372262 0.01693359375 0.03875912408759124
1 0.801787109375 0.01691970802919708 0.016572265625 0.0332992700729927
1 0.84005859375 0.07170802919708029 0.01876953125 0.03448175182481752
1 0.942626953125 0.026145985401459855 0.0173046875 0.03481751824817519