0 0.5076499999999999 0.16201923076923075 0.13308333333333333 0.28881410256410256
0 0.64025 0.2271474358974359 0.13503333333333334 0.3012179487179487
1 0.94545 0.11798076923076924 0.041883333333333335 0.10397435897435897
1 0.8413666666666667 0.15006410256410257 0.031766666666666665 0.0739102564102564
1 0.2873 0.09778846153846155 0.023633333333333333 0.059807692307692305
1 0.24493333333333334 0.09240384615384614 0.0232 0.060384615384615384
1 0.09963333333333334 0.14166666666666666 0.022783333333333333 0.0646474358974359
1 0.9071666666666666 0.0805448717948718 0.031966666666666664 0.08192307692307692
1 0.8999666666666667 0.1617948717948718 0.04306666666666667 0.09358974358974359
1 0.3297666666666667 0.08804487179487179 0.028166666666666663 0.06294871794871795
1 0.3796 0.07166666666666667 0.02588333333333333 0.05663461538461539
1 0.42879999999999996 0.06551282051282052 0.026233333333333334 0.0707051282051282
1 0.5805 0.0635576923076923 0.025283333333333335 0.0667948717948718
1 0.19115 0.13592948717948716 0.027416666666666666 0.06820512820512821
1 0.0416 0.15221153846153848 0.028300000000000002 0.06307692307692307
1 0.3983166666666667 0.13570512820512823 0.027983333333333332 0.06775641025641026