0 0.5614461538461538 0.17497376705141657 0.07726153846153846 0.12838405036726128
1 0.6494307692307693 0.08469045120671563 0.03173076923076923 0.06253934942287513
1 0.576476923076923 0.0744386149003148 0.03687692307692308 0.06493179433368311
1 0.4329769230769231 0.11229800629590765 0.03519230769230769 0.06242392444910808
1 0.36875384615384615 0.110797481636936 0.034015384615384614 0.0670514165792235
1 0.6954153846153845 0.07248688352570828 0.027192307692307693 0.05530954879328437
1 0.7471769230769231 0.0921825813221406 0.02861538461538462 0.05844700944386149
1 0.2475846153846154 0.11918153200419727 0.03502307692307692 0.07239244491080797
1 0.8024615384615384 0.07141657922350472 0.03009230769230769 0.05506820566631689
1 0.8643923076923077 0.080398740818468 0.03089230769230769 0.05587618048268626
1 0.895323076923077 0.10944386149003148 0.03243846153846154 0.059937040923399784
1 0.05990769230769231 0.1222875131164743 0.0373 0.07096537250786988
1 0.1161923076923077 0.11372507869884575 0.036576923076923076 0.07290661070304302
1 0.3011615384615385 0.10915005246589717 0.03729230769230769 0.06376705141657922
1 0.6059461538461539 0.14523609653725078 0.057338461538461546 0.09776495278069255