1 0.3472692307692308 0.26435146443514645 0.08259999999999999 0.14053347280334727
0 0.5842307692307692 0.16630753138075316 0.07393846153846154 0.10439330543933054
0 0.4919 0.17786610878661088 0.04270769230769231 0.06087866108786611
0 0.6661076923076924 0.16937238493723847 0.06393076923076924 0.08897489539748954
0 0.8965461538461539 0.19182008368200837 0.059992307692307685 0.08076359832635982
0 0.25437692307692306 0.19645397489539748 0.04267692307692308 0.05654811715481172
0 0.36819230769230765 0.14282426778242677 0.09105384615384615 0.1327092050209205
0 0.06866923076923076 0.1618828451882845 0.021638461538461537 0.030951882845188284
0 0.30533846153846156 0.18898535564853555 0.0349 0.052039748953974896
1 0.17035384615384616 0.18149581589958158 0.02531538461538461 0.04757322175732217
0 0.6959384615384615 0.17574267782426778 0.04203846153846154 0.06023012552301255