1 0.5967846153846155 0.22619552414605418 0.08377692307692307 0.12332155477031803
1 0.37970000000000004 0.34752650176678446 0.03193076923076923 0.05228504122497055
1 0.18649230769230768 0.27607773851590106 0.04771538461538462 0.08101295641931684
1 0.782776923076923 0.38840989399293285 0.0227 0.04318021201413427
1 0.9049615384615385 0.3787279151943463 0.029692307692307695 0.041990577149587746
1 0.8261846153846154 0.40787985865724385 0.021607692307692307 0.03995288574793875
1 0.9300692307692308 0.34941107184923437 0.013984615384615384 0.028244994110718492
1 0.9912846153846154 0.3911660777385159 0.017438461538461538 0.03793875147232038
1 0.7746769230769232 0.3405182567726738 0.019092307692307693 0.0308716136631331
1 0.7359076923076923 0.345924617196702 0.01643846153846154 0.02911660777385159
1 0.8867076923076923 0.3514252061248528 0.013423076923076923 0.02441696113074205