0 0.196767578125 0.27981770833333336 0.271640625 0.34115885416666664
0 0.0959375 0.375703125 0.03322265625 0.042565104166666666
0 0.426044921875 0.38067708333333333 0.139873046875 0.16621093750000002
0 0.4562109375 0.35015625 0.115673828125 0.148203125
0 0.55564453125 0.4323958333333333 0.053310546875 0.06532552083333333
0 0.71619140625 0.3821614583333333 0.170986328125 0.2838541666666667
0 0.822265625 0.47774739583333337 0.08955078125 0.10526041666666668
0 0.8866796875 0.49048177083333333 0.054111328125 0.07036458333333333
1 0.054677734375 0.37908854166666667 0.04103515625 0.07358072916666666
1 0.0137109375 0.38764322916666666 0.027412109375 0.06467447916666667
1 0.926435546875 0.5149869791666667 0.033369140625 0.06036458333333333
1 0.94986328125 0.49994791666666666 0.028955078125 0.05201822916666667
1 0.96224609375 0.5391927083333333 0.0368359375 0.06665364583333333
1 0.993740234375 0.4965234375 0.01251953125 0.04188802083333334
1 0.484326171875 0.45371093749999997 0.04400390625 0.06544270833333334
1 0.623125 0.46798177083333337 0.024228515625 0.035976562499999996
1 0.589912109375 0.43796875 0.02423828125 0.04015625