0 0.6124088541666667 0.261787109375 0.17130208333333333 0.15830078125
1 0.7859765625 0.304794921875 0.07968750000000001 0.068134765625
1 0.3025390625 0.528388671875 0.12855468750000001 0.12279296875
1 0.2915755208333333 0.234033203125 0.04876302083333334 0.049912109375
1 0.18729166666666666 0.1705078125 0.031184895833333334 0.032822265625
1 0.16700520833333332 0.207783203125 0.046549479166666664 0.048056640625
1 0.4623567708333333 0.222900390625 0.04885416666666667 0.045
1 0.7524479166666667 0.20322265625 0.030963541666666667 0.032421875
1 0.8495052083333333 0.183330078125 0.027330729166666665 0.02591796875
1 0.8883463541666666 0.162783203125 0.020130208333333333 0.019541015625
1 0.7114322916666667 0.1783984375 0.0203125 0.02111328125