0 0.024150390625 0.19604685212298684 0.048310546875 0.13825768667642754
0 0.515927734375 0.34178623718887263 0.101611328125 0.16273792093704248
0 0.581875 0.2678770131771596 0.06341796875 0.10061493411420205
0 0.761796875 0.24595900439238655 0.037109375 0.03800878477306003
1 0.543974609375 0.11559297218155198 0.016513671875 0.03830161054172767
1 0.524765625 0.11910688140556368 0.017890625 0.03777452415812592
1 0.574130859375 0.15743777452415814 0.014287109375 0.0279502196193265
1 0.332578125 0.17897510980966325 0.183642578125 0.2360614934114202
1 0.1511328125 0.05768667642752562 0.03548828125 0.0713909224011713
1 0.05271484375 0.04802342606149341 0.036728515625 0.05304538799414348
1 0.45427734375 0.13142020497803808 0.015439453125 0.0350805270863836