0 0.17340833333333333 0.29274480712166173 0.088475 0.14409495548961426
0 0.444075 0.2163946587537092 0.058975 0.10265578635014837
0 0.49346666666666666 0.3689020771513353 0.07025833333333334 0.13689910979228487
0 0.6455916666666667 0.1515727002967359 0.0516 0.08431750741839762
0 0.8176166666666667 0.29001483679525225 0.062316666666666666 0.12379821958456973
0 0.90395 0.203946587537092 0.060849999999999994 0.08915430267062315
0 0.9397166666666668 0.1413501483679525 0.04401666666666667 0.07497032640949555
0 0.890625 0.1063353115727003 0.0375 0.07913946587537092
0 0.9488083333333333 0.08897626112759643 0.028874999999999998 0.0592433234421365
0 0.6432916666666667 0.1520326409495549 0.057425 0.08152818991097924
0 0.6048416666666666 0.08084569732937685 0.020091666666666667 0.06525222551928783
0 0.8153916666666667 0.09562314540059348 0.022441666666666665 0.05399109792284867
0 0.7818916666666667 0.04992581602373887 0.024208333333333335 0.05164688427299704
0 0.7563 0.046810089020771516 0.029266666666666663 0.05652818991097923
0 0.7157 0.03424332344213649 0.020983333333333333 0.046216617210682494
0 0.6957583333333333 0.01838278931750742 0.022766666666666668 0.033056379821958456
1 0.5189916666666666 0.03335311572700297 0.019241666666666667 0.03701780415430267
0 0.5786416666666667 0.015415430267062316 0.026041666666666668 0.030816023738872402
0 0.6091 0.0213353115727003 0.015133333333333334 0.04265578635014837