0 0.9101201923076924 0.12632211538461538 0.1180048076923077 0.1847355769230769
0 0.7928846153846153 0.13365384615384615 0.05403846153846154 0.08199519230769231
0 0.47271634615384617 0.153125 0.09841346153846153 0.14084134615384616
0 0.541826923076923 0.15879807692307693 0.04521634615384615 0.0684375
0 0.17002403846153846 0.198125 0.0816826923076923 0.11716346153846155
0 0.2578125 0.20973557692307693 0.0733173076923077 0.10697115384615384
1 0.028509615384615383 0.16740384615384615 0.04591346153846154 0.06483173076923077
1 0.10692307692307691 0.15786057692307692 0.047427884615384615 0.06055288461538462
1 0.2851923076923077 0.10673076923076923 0.04894230769230769 0.06182692307692307
1 0.04923076923076923 0.2021153846153846 0.05685096153846154 0.054350961538461535
0 0.9832211538461538 0.12237980769230769 0.03355769230769231 0.08021634615384615