0 0.5024519230769231 0.4679326923076923 0.08514423076923078 0.14826923076923076
0 0.7349519230769231 0.05067307692307692 0.04004807692307692 0.06790865384615384
0 0.3630048076923077 0.07173076923076924 0.04057692307692307 0.07663461538461538
0 0.9651923076923077 0.0740625 0.03954326923076923 0.0773076923076923
0 0.6075 0.08132211538461538 0.042932692307692304 0.07459134615384616
0 0.9325721153846154 0.08045673076923077 0.04283653846153846 0.07920673076923078
0 0.24653846153846154 0.9084375 0.14514423076923078 0.183125
0 0.0419951923076923 0.09358173076923076 0.03889423076923077 0.07560096153846153
0 0.1907451923076923 0.0990625 0.053413461538461535 0.10901442307692308
0 0.6693990384615385 0.10798076923076924 0.05014423076923077 0.08612980769230769
0 0.7258413461538461 0.12742788461538462 0.04983173076923077 0.09024038461538461
0 0.4562980769230769 0.13451923076923078 0.04959134615384615 0.08572115384615384
0 0.5295673076923078 0.17326923076923076 0.057187499999999995 0.11492788461538463
0 0.1134375 0.18540865384615385 0.04942307692307692 0.10348557692307692
0 0.9530769230769232 0.2177644230769231 0.05661057692307692 0.10959134615384616
0 0.4386298076923077 0.2283653846153846 0.05913461538461539 0.11408653846153846
0 0.7359374999999999 0.2247596153846154 0.064375 0.09310096153846154
0 0.19468749999999999 0.2355048076923077 0.06420673076923077 0.11055288461538462
0 0.3449038461538461 0.28362980769230767 0.0641826923076923 0.12009615384615385
0 0.6671153846153846 0.3066105769230769 0.06915865384615384 0.12209134615384615
0 0.8813221153846154 0.030048076923076924 0.03665865384615385 0.06009615384615385
0 0.39814903846153843 0.03348557692307692 0.04074519230769231 0.06697115384615385
0 0.06920673076923077 0.3527163461538461 0.075 0.1333653846153846
0 0.8431490384615384 0.37790865384615385 0.07528846153846154 0.13326923076923075
0 0.033677884615384616 0.03680288461538462 0.03298076923076923 0.058870192307692304