0 0.4660192307692308 0.2526512968299712 0.07821153846153847 0.15561959654178675
0 0.2890961538461539 0.30547550432276654 0.08076923076923077 0.1421613832853026
0 0.8121730769230769 0.22671469740634007 0.08332692307692308 0.11144092219020173
1 0.0673076923076923 0.2478386167146974 0.06538461538461539 0.12680115273775217
1 0.13525 0.2776080691642651 0.09359615384615384 0.16331412103746398
1 0.24423076923076922 0.2670605187319885 0.06282692307692309 0.08452449567723343
1 0.33140384615384616 0.24014409221902017 0.07051923076923078 0.09221902017291066
1 0.5192307692307693 0.25360230547550433 0.05898076923076923 0.11527377521613832
1 0.6275576923076923 0.2526512968299712 0.07307692307692308 0.13639769452449568
1 0.6673076923076923 0.17579250720461095 0.055134615384615386 0.14025936599423633
1 0.7198653846153846 0.2334293948126801 0.06282692307692309 0.15178674351585014
1 0.8711538461538462 0.182507204610951 0.06538461538461539 0.15368876080691643