1 0.08807499999999999 0.37783333333333335 0.0625 0.073875
1 0.125575 0.37595833333333334 0.051125 0.09658333333333333
1 0.230125 0.37783333333333335 0.030674999999999997 0.123125
1 0.27785 0.35891666666666666 0.053399999999999996 0.10795833333333334
1 0.35965 0.373125 0.044325 0.10229166666666667
1 0.36817500000000003 0.33808333333333335 0.018175 0.07008333333333333
1 0.477275 0.3844583333333333 0.05455 0.125
1 0.5011249999999999 0.34375 0.04545 0.09279166666666666
1 0.5841 0.37120833333333336 0.047725 0.08333333333333333
1 0.601125 0.339 0.047725 0.113625
1 0.7289749999999999 0.30683333333333335 0.044325 0.10983333333333332
1 0.70795 0.368375 0.063625 0.09658333333333333
1 0.80625 0.30966666666666665 0.039775 0.09279166666666666
1 0.826125 0.35133333333333333 0.0341 0.09279166666666666
1 0.91875 0.2907083333333333 0.048875 0.10795833333333334
1 0.926125 0.363625 0.047725 0.10604166666666666