0 0.075475 0.22926108374384235 0.08172499999999999 0.13261083743842364
0 0.1024 0.17620689655172414 0.047125 0.14019704433497537
0 0.204325 0.20177339901477834 0.0625 0.10039408866995074
0 0.237975 0.19798029556650246 0.0548 0.16482758620689655
0 0.7976000000000001 0.1866009852216749 0.043274999999999994 0.1155665024630542
1 0.539425 0.23211822660098522 0.048075 0.16103448275862067
1 0.47405 0.18945812807881773 0.040374999999999994 0.1742857142857143
1 0.42355 0.19039408866995072 0.0548 0.10798029556650247
1 0.37405 0.18 0.040374999999999994 0.09852216748768473
1 0.31489999999999996 0.2377832512315271 0.077875 0.09665024630541873
1 0.622125 0.179064039408867 0.05 0.14211822660098522
1 0.675 0.2368472906403941 0.038450000000000005 0.1250246305418719
1 0.7408750000000001 0.18 0.035575 0.09093596059113301
1 0.71395 0.2122167487684729 0.03365 0.08714285714285715
1 0.879325 0.2065024630541872 0.060575000000000004 0.17054187192118225