1 0.523125 0.40730337078651685 0.09625 0.16292134831460675
1 0.91625 0.5383895131086143 0.135 0.2303370786516854
1 0.049375 0.17228464419475656 0.04875 0.0898876404494382
1 0.1025 0.1750936329588015 0.035 0.1104868913857678
1 0.179375 0.16385767790262173 0.03625 0.05805243445692884
0 0.24625 0.397940074906367 0.0575 0.10674157303370786
0 0.17375 0.2893258426966292 0.0625 0.10674157303370786
0 0.235 0.2546816479400749 0.035 0.07865168539325842
0 0.159375 0.1601123595505618 0.02125 0.03932584269662921
0 0.334375 0.18632958801498128 0.03875 0.07677902621722846
0 0.38 0.16666666666666666 0.035 0.052434456928838954
0 0.25125 0.17134831460674158 0.0225 0.04307116104868914
0 0.283125 0.19101123595505617 0.03625 0.0599250936329588
0 0.47 0.09176029962546817 0.055 0.1198501872659176
0 0.681875 0.10861423220973783 0.07125 0.1198501872659176