1 0.08416666666666667 0.6898263027295285 0.155 0.13895781637717122
1 0.4525 0.6662531017369727 0.215 0.23076923076923078
1 0.7366666666666667 0.6253101736972705 0.48333333333333334 0.3920595533498759
1 0.27416666666666667 0.6029776674937966 0.22833333333333333 0.31265508684863524
1 0.4375 0.45409429280397023 0.25166666666666665 0.29280397022332505
1 0.20083333333333334 0.3970223325062035 0.20833333333333334 0.23325062034739455
1 0.08833333333333333 0.5198511166253101 0.17666666666666667 0.24069478908188585
1 0.27416666666666667 0.2841191066997519 0.27166666666666667 0.2555831265508685
1 0.2275 0.1054590570719603 0.23166666666666666 0.2109181141439206
1 0.10166666666666667 0.24813895781637718 0.12666666666666668 0.2531017369727047
1 0.11333333333333333 0.08312655086848635 0.08333333333333333 0.1662531017369727