1 0.422125 0.5936 0.09422499999999999 0.11539999999999999
1 0.358325 0.3990666666666667 0.06745 0.0862
1 0.21850000000000003 0.3784666666666667 0.063225 0.05996666666666666
1 0.12295 0.3588 0.052000000000000005 0.06183333333333334
1 0.112425 0.34286666666666665 0.047775 0.06369999999999999
1 0.153175 0.29696666666666666 0.061825 0.0506
1 0.642875 0.40186666666666665 0.0548 0.10303333333333334
1 0.685725 0.36910000000000004 0.06465 0.09743333333333333
1 0.401175 0.31383333333333335 0.0548 0.08806666666666667
1 0.45035 0.35223333333333334 0.06885 0.08993333333333334
1 0.5325500000000001 0.3072666666666667 0.0787 0.09366666666666668
1 0.614775 0.2922666666666667 0.09977499999999999 0.07869999999999999
1 0.711025 0.2791666666666667 0.09275 0.0862
1 0.8283499999999999 0.26416666666666666 0.20375 0.06369999999999999