0 0.39642499999999997 0.56 0.078575 0.15619999999999998
0 0.49465000000000003 0.46 0.072625 0.13524
0 0.9648749999999999 0.6 0.07025 0.15619999999999998
1 0.64225 0.56572 0.09405 0.14096
1 0.616075 0.3524 0.09405 0.18284
1 0.22797499999999998 0.49904000000000004 0.065475 0.12192
1 0.19940000000000002 0.54192 0.09880000000000001 0.1238
1 0.091675 0.47332 0.035725 0.09331999999999999
1 0.116075 0.44380000000000003 0.041675000000000004 0.09523999999999999
1 0.0637 0.44476 0.034525 0.10096
1 0.085725 0.39904 0.045250000000000005 0.08952
1 0.18155000000000002 0.39524000000000004 0.034525 0.06284000000000001
1 0.325 0.42475999999999997 0.023799999999999998 0.0724
1 0.38630000000000003 0.40284 0.034525 0.09716
1 0.895825 0.56952 0.07025 0.16
1 0.827375 0.55332 0.059524999999999995 0.15808000000000003
1 0.772025 0.46192 0.039275000000000004 0.10856
1 0.721425 0.49332 0.05715 0.14096
1 0.547625 0.39332 0.066675 0.12
0 0.35475 0.49428 0.05474999999999999 0.14284