0 0.5032451923076923 0.46728365384615383 0.0851201923076923 0.14834134615384614
0 0.36233173076923075 0.07182692307692308 0.04473557692307692 0.07853365384615385
0 0.6057692307692307 0.081875 0.04807692307692308 0.07276442307692307
0 0.9340144230769231 0.08115384615384615 0.04447115384615385 0.08
0 0.24670673076923075 0.9059855769230769 0.14641826923076923 0.18805288461538464
0 0.041658653846153845 0.09240384615384614 0.04403846153846154 0.07439903846153846
0 0.19004807692307693 0.10108173076923076 0.052235576923076926 0.11199519230769231
0 0.669110576923077 0.10951923076923077 0.05060096153846154 0.08463942307692308
0 0.7233894230769231 0.12882211538461538 0.052403846153846155 0.0953125
0 0.4569471153846154 0.1355048076923077 0.051682692307692304 0.08379807692307692
0 0.5299519230769231 0.17278846153846153 0.0576201923076923 0.1180048076923077
0 0.1138701923076923 0.18591346153846156 0.05158653846153846 0.10336538461538461
0 0.9559375 0.21850961538461539 0.0639423076923077 0.10983173076923076
0 0.43641826923076926 0.22747596153846153 0.05915865384615385 0.11641826923076923
0 0.7368990384615385 0.22805288461538462 0.06800480769230768 0.09372596153846155
0 0.1960096153846154 0.23514423076923074 0.0630048076923077 0.10915865384615384
0 0.34665865384615385 0.2838221153846154 0.0671875 0.11591346153846153
0 0.6651682692307692 0.3069471153846154 0.07723557692307693 0.1276201923076923
0 0.8798076923076923 0.030408653846153846 0.04122596153846154 0.06081730769230769
0 0.3977163461538461 0.03682692307692308 0.045432692307692306 0.07365384615384615
0 0.06735576923076923 0.35168269230769234 0.07408653846153847 0.1276201923076923
0 0.8436057692307692 0.37742788461538457 0.07757211538461539 0.13927884615384614
0 0.7329807692307693 0.049639423076923074 0.037932692307692306 0.06923076923076923
0 0.9636057692307692 0.07516826923076923 0.04021634615384616 0.06978365384615384
0 0.03341346153846154 0.03634615384615385 0.04004807692307692 0.05848557692307692