0 0.8764 0.5769230769230769 0.052774999999999996 0.07381118881118881
0 0.2507 0.54 0.048600000000000004 0.03884615384615384
0 0.29445 0.504090909090909 0.019450000000000002 0.03300699300699301
0 0.495525 0.5454195804195805 0.0475 0.051678321678321676
0 0.619025 0.5063286713286713 0.026375000000000003 0.03839160839160839
1 0.357275 0.6177622377622378 0.064375 0.0870979020979021
1 0.21425 0.6398951048951048 0.06542500000000001 0.09003496503496504
1 0.08285000000000001 0.6354895104895105 0.062275 0.0870979020979021
1 0.33140000000000003 0.5291958041958041 0.038 0.042797202797202796
1 0.38155 0.5321328671328671 0.032725 0.04576923076923077
1 0.341975 0.4856643356643357 0.025325 0.04132867132867133
1 0.3789 0.46940559440559443 0.021099999999999997 0.03248251748251748
1 0.4929 0.5948951048951049 0.0591 0.07083916083916085
1 0.583125 0.51 0.026375000000000003 0.042797202797202796
1 0.797925 0.5077972027972028 0.0401 0.050174825174825174
1 0.7567499999999999 0.479020979020979 0.035875 0.051678321678321676
1 0.7045 0.4590909090909091 0.024275 0.0236013986013986
1 0.44909999999999994 0.5291958041958041 0.043274999999999994 0.051678321678321676
1 0.27125 0.5911888111888113 0.0401 0.06052447552447552
1 0.514525 0.46940559440559443 0.18469999999999998 0.05608391608391608
1 0.6148 0.433986013986014 0.161475 0.07381118881118881