1 0.4890865384615385 0.7038221153846155 0.045480769230769234 0.08692307692307691
1 0.2277403846153846 0.6647115384615384 0.04634615384615385 0.06884615384615385
1 0.7160576923076923 0.6599519230769231 0.04504807692307692 0.09050480769230769
1 0.13088942307692308 0.6971153846153846 0.045432692307692306 0.08954326923076923
1 0.04569711538461539 0.6892548076923077 0.046730769230769235 0.08728365384615386
1 0.9462259615384615 0.6986057692307692 0.043485576923076925 0.09225961538461538
1 0.8706009615384616 0.6750480769230769 0.051153846153846154 0.09132211538461539
1 0.7840865384615385 0.6167307692307692 0.03766826923076923 0.08264423076923078
1 0.551875 0.5859134615384616 0.03576923076923077 0.06947115384615385
1 0.3253125 0.5711298076923077 0.039375 0.06740384615384615
1 0.40408653846153847 0.5784855769230769 0.03894230769230769 0.07524038461538461
1 0.2342067307692308 0.5816346153846154 0.03569711538461538 0.0746875
1 0.8044711538461539 0.5047115384615385 0.03271634615384615 0.06504807692307692
1 0.6293509615384616 0.5621153846153846 0.032740384615384616 0.0665625
1 0.07466346153846154 0.5663221153846154 0.03632211538461538 0.06810096153846154
1 0.15834134615384615 0.5603846153846154 0.045384615384615384 0.06651442307692308
1 0.4384134615384615 0.627860576923077 0.03889423076923077 0.07098557692307693
1 0.024278846153846154 0.5901923076923077 0.03483173076923077 0.06430288461538461
1 0.589735576923077 0.6483653846153847 0.04278846153846154 0.0810576923076923
1 0.7049038461538462 0.49516826923076923 0.029302884615384613 0.05971153846153846
1 0.46774038461538464 0.5733653846153847 0.03680288461538462 0.063125
1 0.5227403846153846 0.5401682692307692 0.032163461538461544 0.06516826923076922
1 0.5613461538461538 0.49408653846153844 0.028028846153846154 0.05995192307692308
1 0.11894230769230768 0.5156490384615384 0.03060096153846154 0.05495192307692308
1 0.6781971153846154 0.5237499999999999 0.03430288461538462 0.06745192307692308