1 0.48314999999999997 0.4440823970037453 0.0693 0.08651685393258428
1 0.1386 0.45131086142322097 0.05775 0.08940074906367042
1 0.155425 0.3972284644194757 0.0433 0.06775280898876404
1 0.202125 0.4058801498127341 0.063525 0.07352059925093632
1 0.230025 0.3842696629213483 0.059675000000000006 0.0994756554307116
1 0.294025 0.37273408239700373 0.051 0.07928838951310863
1 0.3797 0.4433707865168539 0.045225 0.0850561797752809
1 0.36524999999999996 0.36696629213483145 0.049075 0.09082397003745318
1 0.4461 0.42823970037453185 0.068325 0.0951685393258427
1 0.48700000000000004 0.37415730337078656 0.05775 0.06198501872659176
1 0.5351250000000001 0.3842696629213483 0.063525 0.1398501872659176
1 0.712225 0.4145318352059925 0.063525 0.09659176029962546
1 0.599125 0.3792134831460674 0.05292500000000001 0.0749812734082397
1 0.6535 0.3633707865168539 0.08470000000000001 0.0749812734082397
1 0.84985 0.3604868913857678 0.3003 0.0749812734082397