1 0.09125 0.375 0.0875 0.12596899224806202
1 0.0475 0.3536821705426357 0.065 0.0755813953488372
1 0.3275 0.34593023255813954 0.05 0.08333333333333333
1 0.416875 0.34205426356589147 0.09625 0.09883720930232558
1 0.5 0.35755813953488375 0.0975 0.1375968992248062
1 0.7075 0.46705426356589147 0.0725 0.16279069767441862
1 0.885625 0.49224806201550386 0.06625 0.12015503875968993
1 0.970625 0.375 0.05875 0.18023255813953487
1 0.61625 0.29844961240310075 0.025 0.05813953488372093
1 0.659375 0.2655038759689923 0.05625 0.04263565891472868
1 0.753125 0.27906976744186046 0.05875 0.10465116279069768
1 0.74 0.23352713178294573 0.045 0.06782945736434108
1 0.14375 0.3313953488372093 0.055 0.06201550387596899