0 0.366875 0.37546816479400746 0.09875 0.11423220973782772
0 0.5125 0.38857677902621723 0.0925 0.12921348314606743
0 0.635625 0.38857677902621723 0.08875 0.13670411985018727
0 0.5775 0.42696629213483145 0.1025 0.1348314606741573
0 0.716875 0.3595505617977528 0.10375 0.14606741573033707
0 0.82125 0.43726591760299627 0.0575 0.11797752808988764
0 0.965625 0.3838951310861423 0.06875 0.15355805243445692
0 0.880625 0.43726591760299627 0.07125 0.08801498127340825
0 0.421875 0.397940074906367 0.08875 0.07677902621722846
0 0.195625 0.45692883895131087 0.18375 0.08614232209737828
0 0.2525 0.41385767790262173 0.1475 0.14606741573033707
0 0.12375 0.41947565543071164 0.2225 0.11610486891385768