1 0.29989473684210527 0.34925851703406813 0.09261842105263159 0.10094188376753506
1 0.4211710526315789 0.25713426853707416 0.08397368421052631 0.12438877755511023
1 0.49286842105263157 0.35883767535070143 0.07407894736842105 0.1422444889779559
1 0.04482894736842105 0.4692184368737475 0.07301315789473685 0.07084168336673347
1 0.10011842105263158 0.5452104208416834 0.04855263157894737 0.05004008016032064
1 0.010763157894736843 0.5330060120240482 0.021526315789473685 0.06352705410821644
1 0.5737763157894736 0.4472545090180361 0.07014473684210526 0.10382765531062124
1 0.6241447368421053 0.36140280561122246 0.05792105263157895 0.08607214428857717
1 0.7873026315789474 0.34925851703406813 0.052184210526315784 0.08853707414829659
0 0.73275 0.3741482965931863 0.06118421052631579 0.08881763527054108
0 0.8897105263157894 0.32416833667334666 0.07368421052631578 0.10909819639278556