0 0.9563776493256262 0.45655072463768115 0.08722543352601157 0.179768115942029
0 0.8371868978805395 0.4212463768115942 0.08782273603082852 0.1061159420289855
0 0.7018497109826589 0.4483188405797101 0.09934489402697495 0.12994202898550725
0 0.4959730250481696 0.4201739130434783 0.09645472061657033 0.11695652173913045
0 0.7119460500963392 0.35481159420289854 0.1089402697495183 0.09217391304347826
0 0.550019267822736 0.36872463768115943 0.05932562620423892 0.07023188405797101
0 0.0816955684007707 0.35994202898550726 0.07391136801541426 0.1082608695652174
0 0.2246820809248555 0.36431884057971015 0.07391136801541426 0.07023188405797101
0 0.36716763005780345 0.37895652173913047 0.07878612716763006 0.058521739130434784
0 0.36716763005780345 0.3292173913043478 0.051541425818882464 0.06730434782608695
0 0.4444894026974952 0.3423768115942029 0.07001926782273604 0.10533333333333335
0 0.49067437379576107 0.3233623188405797 0.10795761078998073 0.09950724637681159
0 0.5733526011560693 0.31678260869565217 0.0846242774566474 0.11266666666666666