1 0.03607017543859649 0.5672599531615925 0.07212280701754385 0.12489461358313816
1 0.14896491228070174 0.5848009367681499 0.04256140350877193 0.05805620608899297
1 0.12166666666666666 0.5533255269320844 0.03608771929824561 0.04447306791569086
1 0.31319298245614036 0.5632084309133489 0.07678947368421053 0.05187353629976581
1 0.08096491228070175 0.5452927400468384 0.0730877192982456 0.06545667447306791
1 0.49684210526315786 0.6150819672131147 0.06291228070175439 0.06915690866510539
1 0.45012280701754387 0.584192037470726 0.08605263157894737 0.08892271662763465
1 0.5116491228070175 0.5576346604215457 0.06477192982456141 0.05557377049180328
0 0.23824561403508773 0.5712177985948478 0.05459649122807018 0.07779859484777517
0 0.2812631578947368 0.6237236533957845 0.06477192982456141 0.08152224824355972
0 0.2007719298245614 0.5730679156908665 0.03331578947368421 0.08152224824355972
0 0.37471929824561406 0.5662763466042154 0.06291228070175439 0.07039812646370024
0 0.625 0.5743091334894613 0.04163157894736842 0.061756440281030445
0 0.5852105263157895 0.5656674473067915 0.03608771929824561 0.03704918032786885
0 0.6573684210526316 0.5669086651053864 0.043491228070175435 0.05681498829039813
0 0.902561403508772 0.5737002341920374 0.06938596491228069 0.0876814988290398
1 0.7300000000000001 0.6014754098360655 0.0703157894736842 0.08892271662763465
1 0.6957719298245614 0.5662763466042154 0.04810526315789474 0.04817330210772834
1 0.7670175438596492 0.5749414519906323 0.05921052631578947 0.0605152224824356
1 0.9533684210526315 0.6150819672131147 0.09328070175438596 0.1210304449648712
1 0.8132807017543859 0.5860421545667448 0.049964912280701754 0.04569086651053864