0 0.1171484375 0.42514322916666664 0.059375 0.07221354166666667
0 0.183955078125 0.4236328125 0.021279296875 0.029544270833333334
0 0.25283203125 0.42989583333333337 0.01646484375 0.020481770833333333
0 0.35419921875 0.4116796875 0.0376953125 0.051458333333333335
0 0.427734375 0.35029947916666665 0.101171875 0.13166666666666668
0 0.52984375 0.4119140625 0.036220703125 0.04674479166666667
0 0.5547265625 0.43916666666666665 0.04884765625 0.06450520833333333
0 0.659072265625 0.42375 0.02267578125 0.03131510416666667
0 0.73734375 0.4182421875 0.0265625 0.03647135416666667
0 0.778544921875 0.3953776041666666 0.04892578125 0.06822916666666666
0 0.84845703125 0.41739583333333335 0.0084375 0.011861979166666667
0 0.87095703125 0.41772135416666667 0.019560546875 0.0265234375
0 0.444326171875 0.3901822916666667 0.11517578125 0.16490885416666667
0 0.61537109375 0.4197786458333333 0.0101171875 0.014296875
0 0.629091796875 0.42124999999999996 0.00966796875 0.013697916666666666
0 0.69859375 0.4222395833333333 0.009892578125 0.013463541666666667
0 0.711748046875 0.41889322916666666 0.009619140625 0.012526041666666666