0 0.5462548262548262 0.5586082474226804 0.040038610038610034 0.07309278350515463
0 0.38158301158301156 0.5985567010309278 0.03644787644787645 0.07520618556701031
0 0.1496911196911197 0.09149484536082474 0.030579150579150578 0.05907216494845361
0 0.9358301158301158 0.13829896907216493 0.033320463320463324 0.066340206185567
0 0.7017760617760618 0.19443298969072165 0.035366795366795364 0.06752577319587628
0 0.24366795366795366 0.24149484536082474 0.03571428571428571 0.06582474226804123
0 0.2694980694980695 0.3891237113402062 0.0344015444015444 0.06876288659793814
0 0.4433590733590734 0.41530927835051545 0.038494208494208496 0.07144329896907216
0 0.04077220077220078 0.6493298969072165 0.036254826254826254 0.06871134020618556
1 0.8989189189189188 0.42938144329896905 0.032432432432432434 0.05536082474226804
1 0.10115830115830116 0.4161340206185567 0.037220077220077225 0.05731958762886598
1 0.22745173745173744 0.7065463917525773 0.03416988416988417 0.06221649484536083
1 0.9403088803088803 0.5826288659793815 0.03528957528957529 0.06319587628865979
1 0.8158687258687258 0.1670103092783505 0.026061776061776062 0.04963917525773196
1 0.8776061776061777 0.059175257731958766 0.032432432432432434 0.0472680412371134
1 0.7547876447876448 0.8888144329896908 0.0344015444015444 0.06768041237113402
1 0.6481467181467182 0.3699484536082474 0.03146718146718147 0.053865979381443295