0 0.04513671875 0.29334306569343066 0.0698828125 0.10597080291970803
0 0.066943359375 0.3202773722627737 0.07248046875 0.12173722627737227
0 0.4711328125 0.3588467153284672 0.038017578125 0.07086131386861313
0 0.67005859375 0.21452554744525545 0.095390625 0.16033576642335767
0 0.759833984375 0.2267007299270073 0.107060546875 0.17086131386861314
1 0.247998046875 0.3674890510948905 0.033388671875 0.0629051094890511
1 0.31802734375 0.32416058394160585 0.029013671875 0.06281751824817518
1 0.42490234375 0.32284671532846715 0.039130859375 0.08061313868613139
1 0.513271484375 0.337021897810219 0.032392578125 0.06421897810218978
1 0.5575 0.3264817518248175 0.037568359375 0.0761897810218978
1 0.5984375 0.334963503649635 0.03291015625 0.06788321167883211
1 0.97529296875 0.3622919708029197 0.027978515625 0.04959124087591241