0 0.256615 0.43882970742685673 0.08306000000000001 0.13528132033008253
0 0.427325 0.36588147036759194 0.049415 0.07873218304576145
0 0.46448 0.3431807951987997 0.032115000000000005 0.05900225056264066
0 0.18947 0.3132933233308327 0.03746 0.0572093023255814
0 0.130045 0.3183495873968492 0.037090000000000005 0.05115528882220555
0 0.62583 0.37222805701425354 0.034 0.053413353338334586
0 0.52697 0.3218529632408102 0.028239999999999998 0.04675918979744936
1 0.07516500000000001 0.33674418604651163 0.017925 0.0318754688672168
1 0.006665 0.3276369092273068 0.013325 0.032535633908477114
1 0.032990000000000005 0.30904726181545383 0.01165 0.024718679669917483
1 0.045035 0.31168792198049516 0.014535 0.026969242310577648
1 0.1035 0.3293998499624906 0.017355 0.034028507126781696
1 0.11569499999999999 0.32648912228057014 0.013165 0.026774193548387094
1 0.16027000000000002 0.303503375843961 0.015179999999999999 0.030825206301575397
1 0.25543 0.31131282820705175 0.016155000000000003 0.028829707426856713
1 0.27709500000000004 0.31808702175543885 0.013085000000000001 0.029984996249062264
1 0.325955 0.3059414853713428 0.011065 0.02569392348087022
1 0.33858499999999997 0.30036009002250563 0.01099 0.02493623405851463
1 0.368485 0.2987846961740435 0.011855000000000001 0.022573143285821454
1 0.39803 0.29613653413353336 0.014405 0.02888972243060765
1 0.42525 0.30630157539384845 0.010705 0.025213803450862715
1 0.44135 0.3101275318829707 0.011705 0.024861215303825956
1 0.47496 0.30768192048012 0.01145 0.02237059264816204