0 0.491708984375 0.20412884333821374 0.09146484375 0.1641727672035139
1 0.38486328125 0.23496339677891653 0.04181640625 0.08919472913616398
1 0.43302734375 0.19956076134699854 0.02876953125 0.056090775988286976
1 0.60314453125 0.21549048316251831 0.044658203125 0.07096632503660322
0 0.7175 0.19947291361639827 0.064892578125 0.12175695461200585
0 0.7628125 0.21882869692532944 0.086298828125 0.14301610541727672
1 0.964384765625 0.24490483162518303 0.046865234375 0.07494875549048316
1 0.914990234375 0.08 0.023984375 0.04802342606149341
1 0.967451171875 0.1291654465592972 0.0315625 0.06559297218155197
0 0.9730078125 0.049882869692532944 0.033486328125 0.046530014641288434
1 0.9085546875 0.03954612005856516 0.026416015625 0.03685212298682284
1 0.859296875 0.1416251830161054 0.032587890625 0.0528696925329429
1 0.663701171875 0.16633967789165446 0.02095703125 0.039897510980966326
1 0.33541015625 0.22247437774524156 0.0525 0.09616398243045389
1 0.17904296875 0.2255636896046852 0.06912109375 0.15099560761346997
1 0.1050390625 0.2817276720351391 0.060693359375 0.12288433382137628
1 0.037138671875 0.2883455344070278 0.07427734375 0.2150658857979502