0 0.7923819858925664 0.42329150579150576 0.055957677699403144 0.11832046332046332
0 0.7009929462832339 0.4277895752895753 0.04388497015735214 0.07888030888030888
0 0.06879001627780792 0.4481853281853282 0.04961475854584916 0.09837837837837839
0 0.16223548562126966 0.44946911196911193 0.0390124796527401 0.08218146718146718
0 0.49059142702116115 0.45327220077220076 0.04412371134020618 0.08432432432432432
0 0.3787628865979381 0.4696138996138996 0.03997829625610418 0.09251930501930501
0 0.2494736842105263 0.4656756756756757 0.04243624525230602 0.08538610038610038
0 0.3015735214324471 0.46186293436293435 0.037438958220293 0.07995173745173745
0 0.6026966901790559 0.46982625482625484 0.04116657623440044 0.0747972972972973
0 0.9366304937601736 0.45502895752895756 0.0479761258817146 0.10696911196911196
0 0.8318665219750407 0.45563706563706563 0.035670103092783505 0.08293436293436293
0 0.09477482365708084 0.4667084942084942 0.03671730873575692 0.08205598455598456