0 0.6493083333333333 0.22407777777777776 0.13472499999999998 0.1925888888888889
0 0.6520833333333333 0.1361111111111111 0.07360833333333333 0.11296666666666667
0 0.29791666666666666 0.25 0.0875 0.07036666666666666
0 0.45277500000000004 0.18611111111111112 0.052774999999999996 0.09074444444444445
0 0.09514166666666667 0.40555555555555556 0.1375 0.13703333333333334
0 0.14514166666666667 0.2722222222222222 0.05694166666666667 0.1037
0 0.9138916666666668 0.03981111111111111 0.06389166666666667 0.06852222222222222
0 0.34305833333333335 0.18888888888888888 0.06944166666666667 0.0851888888888889
0 0.30277499999999996 0.1537 0.03610833333333333 0.059255555555555554
0 0.22639166666666669 0.2046333333333333 0.061108333333333334 0.0537
0 0.24097500000000002 0.175 0.04305833333333334 0.057411111111111114
0 0.06041666666666667 0.2611111111111111 0.05416666666666667 0.08888888888888889
1 0.8555583333333334 0.30833333333333335 0.15833333333333333 0.29814444444444443
1 0.42569166666666663 0.13796666666666668 0.0375 0.0463
1 0.17985833333333334 0.24536666666666668 0.04305833333333334 0.08333333333333333
1 0.8243083333333333 0.03611111111111111 0.03194166666666667 0.03888888888888889
1 0.5 0.12777777777777777 0.055558333333333335 0.044444444444444446
1 0.5569416666666667 0.08425555555555556 0.044441666666666664 0.0463
0 0.6076416666666666 0.08796666666666667 0.029166666666666667 0.02407777777777778