0 0.48558064516129035 0.6225766871165644 0.04877419354838709 0.12147239263803682
0 0.6176129032258065 0.6834355828220859 0.05158064516129032 0.11
0 0.36258064516129035 0.7022699386503067 0.05393548387096774 0.13300613496932515
0 0.8003548387096775 0.7231901840490798 0.05522580645161291 0.13957055214723926
0 0.5769354838709677 0.752638036809816 0.06048387096774194 0.16141104294478525
0 0.16983870967741935 0.842515337423313 0.06693548387096775 0.14331288343558282
0 0.7061612903225807 0.4725766871165644 0.030612903225806454 0.08061349693251534
0 0.9590967741935483 0.478159509202454 0.030935483870967742 0.07662576687116565
0 0.608516129032258 0.5108588957055215 0.036806451612903225 0.08190184049079755
0 0.11448387096774194 0.5220858895705521 0.03967741935483871 0.08828220858895706
0 0.5396774193548387 0.561042944785276 0.041 0.09723926380368098
0 0.7569354838709678 0.5630674846625767 0.04 0.100920245398773
0 0.8628387096774194 0.6337423312883436 0.04783870967741936 0.1094478527607362
0 0.9193548387096774 0.4371165644171779 0.0302258064516129 0.06895705521472392