0 0.0696911196911197 0.3974742268041237 0.10791505791505791 0.12293814432989691
0 0.2916602316602317 0.2540721649484536 0.0771042471042471 0.08809278350515463
0 0.14115830115830116 0.25577319587628866 0.05637065637065637 0.07623711340206185
0 0.6177992277992278 0.2356701030927835 0.09158301158301158 0.18494845360824744
0 0.6785714285714286 0.15608247422680413 0.0901930501930502 0.08309278350515464
0 0.05455598455598456 0.26 0.04046332046332046 0.05798969072164949
0 0.346988416988417 0.1765979381443299 0.030424710424710424 0.0438659793814433
0 0.4417374517374517 0.17489690721649484 0.04552123552123552 0.05958762886597938
0 0.9253281853281853 0.0388659793814433 0.034555984555984555 0.05097938144329897
0 0.8275289575289576 0.042731958762886595 0.022007722007722007 0.04345360824742268
0 0.22266409266409268 0.18489690721649482 0.022007722007722007 0.03762886597938144
0 0.4030501930501931 0.1491237113402062 0.019575289575289576 0.04623711340206186