0 0.08815217391304347 0.645792349726776 0.1570289855072464 0.26961748633879784
1 0.6323913043478261 0.7415300546448087 0.14623188405797102 0.253879781420765
1 0.7846739130434782 0.29218579234972675 0.029528985507246377 0.0680327868852459
0 0.23518115942028983 0.28994535519125686 0.035181159420289855 0.07688524590163935
0 0.6801449275362319 0.3016939890710383 0.04583333333333334 0.09699453551912568
1 0.5122463768115942 0.3437704918032787 0.04764492753623188 0.09437158469945355
0 0.3134057971014493 0.3680327868852459 0.06539855072463768 0.12907103825136612
0 0.888695652173913 0.4181967213114754 0.06659420289855073 0.13153005464480874
1 0.6094565217391305 0.41480874316939886 0.06293478260869566 0.13021857923497268
0 0.05641304347826087 0.45109289617486337 0.09554347826086956 0.1292896174863388
0 0.11115942028985507 0.3187978142076503 0.05322463768115942 0.10775956284153004