0 0.6184942084942084 0.26061855670103096 0.1244015444015444 0.23484536082474228
0 0.6620849420849421 0.16896907216494847 0.08007722007722007 0.2004639175257732
0 0.08864864864864865 0.38948453608247424 0.17733590733590734 0.12216494845360824
0 0.1437065637065637 0.27969072164948455 0.041467181467181466 0.08974226804123711
0 0.2845559845559846 0.2587113402061856 0.08293436293436293 0.1240721649484536
0 0.33749034749034745 0.21000000000000002 0.06007722007722008 0.09164948453608247
0 0.438996138996139 0.1852061855670103 0.06864864864864866 0.09927835051546392
1 0.8293822393822394 0.3054639175257732 0.09725868725868726 0.2672680412371134
1 0.17158301158301156 0.2300515463917526 0.04289575289575289 0.05154639175257732
1 0.21737451737451735 0.20329896907216494 0.05718146718146718 0.0859278350515464
1 0.09725868725868726 0.23865979381443297 0.09150579150579151 0.08402061855670104