0 0.1550965250965251 0.5689175257731959 0.0372972972972973 0.07716494845360825
0 0.5873359073359073 0.622680412371134 0.043552123552123546 0.06644329896907217
0 0.24289575289575288 0.7035051546391752 0.043166023166023165 0.07025773195876289
0 0.4972972972972973 0.7199484536082473 0.040617760617760616 0.07417525773195877
0 0.3734749034749035 0.7412371134020619 0.04424710424710425 0.07530927835051546
0 0.714903474903475 0.7697422680412371 0.051274131274131274 0.07118556701030929
0 0.29254826254826255 0.8342268041237113 0.04837837837837838 0.0863917525773196
0 0.4456370656370656 0.8466494845360825 0.05019305019305019 0.08247422680412371
0 0.32544401544401547 0.8936082474226805 0.0483011583011583 0.07505154639175259
0 0.6981081081081081 0.9040721649484535 0.04521235521235521 0.08520618556701032
0 0.4747876447876448 0.9328350515463918 0.06583011583011583 0.08484536082474227
0 0.6172586872586873 0.9312371134020618 0.05223938223938224 0.08922680412371134
0 0.8491505791505792 0.9664948453608248 0.05351351351351351 0.06701030927835051
0 0.48247104247104244 0.4829896907216495 0.036138996138996134 0.06314432989690721