1 0.7918 0.2307142857142857 0.027700000000000002 0.09095238095238095
0 0.8478666666666667 0.2523214285714286 0.03573333333333333 0.08833333333333333
0 0.9866666666666667 0.25476190476190474 0.02666666666666667 0.07232142857142858
0 0.7269666666666666 0.27779761904761907 0.04 0.09529761904761906
0 0.4295 0.2793452380952381 0.03813333333333333 0.09273809523809524
0 0.6632666666666667 0.30142857142857143 0.0426 0.10761904761904761
0 0.6181 0.30523809523809525 0.03673333333333333 0.08517857142857144
0 0.5364666666666666 0.3147619047619048 0.04296666666666667 0.10345238095238095
0 0.46626666666666666 0.3138095238095238 0.05263333333333333 0.12214285714285714
1 0.19026666666666667 0.3263690476190476 0.055 0.14946428571428572
0 0.18113333333333334 0.4102976190476191 0.06876666666666666 0.16113095238095237
0 0.11313333333333332 0.42946428571428574 0.08463333333333334 0.20910714285714288
0 0.3341 0.3317857142857143 0.050866666666666664 0.11517857142857144