0 0.6560322580645161 0.6497546012269938 0.03196774193548387 0.07245398773006136
0 0.8262258064516129 0.686319018404908 0.04432258064516129 0.08208588957055216
0 0.3521290322580645 0.6990797546012271 0.03658064516129032 0.07423312883435583
0 0.4333870967741935 0.7288343558282209 0.04338709677419355 0.10269938650306748
0 0.5701935483870968 0.7187116564417179 0.046 0.08625766871165645
0 0.5005483870967742 0.7463803680981594 0.04825806451612903 0.09852760736196318
0 0.19229032258064516 0.7521472392638037 0.051258064516129034 0.10282208588957056
0 0.27164516129032257 0.7551533742331289 0.054354838709677424 0.09239263803680982
0 0.8885806451612902 0.7774846625766871 0.0467741935483871 0.09484662576687117
0 0.7661612903225806 0.7930061349693251 0.053 0.10116564417177913
0 0.3614193548387097 0.7975460122699386 0.055645161290322584 0.09815950920245399
0 0.16364516129032258 0.7978527607361964 0.05709677419354838 0.10822085889570553
0 0.09174193548387097 0.8247852760736196 0.060838709677419354 0.1143558282208589
0 0.029096774193548385 0.8969938650306749 0.05816129032258065 0.14460122699386505
0 0.5899677419354838 0.9287116564417177 0.07170967741935484 0.13760736196319018
0 0.801741935483871 0.9294478527607362 0.07190322580645161 0.1411042944785276
0 0.6607419354838711 0.936564417177914 0.07045161290322581 0.12687116564417178
0 0.39338709677419353 0.5920245398773006 0.029580645161290324 0.05521472392638037