0 0.6156333333333334 0.21536666666666668 0.12015 0.1825888888888889
0 0.06644166666666668 0.37987777777777776 0.11066666666666668 0.08938888888888889
0 0.048016666666666666 0.2501333333333333 0.040475 0.059533333333333334
0 0.13764166666666666 0.2577111111111111 0.050291666666666665 0.06356666666666667
0 0.27820833333333334 0.2317111111111111 0.056424999999999996 0.07452222222222221
0 0.33643333333333336 0.17930000000000001 0.045083333333333336 0.043788888888888884
0 0.4419083333333333 0.17301111111111112 0.04770833333333333 0.05343333333333334
0 0.6673 0.15134444444444445 0.0735 0.10268888888888889
0 0.9206083333333334 0.041466666666666666 0.044 0.057022222222222224
0 0.2280333333333333 0.20284444444444444 0.033841666666666666 0.03902222222222222
0 0.3103 0.1527666666666667 0.0206 0.020344444444444443
0 0.38733333333333336 0.12083333333333333 0.021883333333333334 0.015733333333333332