0 0.8950480769230769 0.6024999999999999 0.06449519230769231 0.11471153846153846
0 0.734375 0.5982692307692308 0.052884615384615384 0.09343749999999999
0 0.6542067307692307 0.6437980769230769 0.0739423076923077 0.15016826923076923
0 0.5786298076923078 0.5879086538461539 0.04502403846153846 0.0796875
0 0.49971153846153843 0.6351923076923077 0.06103365384615385 0.11826923076923078
0 0.25430288461538464 0.7695913461538461 0.08822115384615385 0.15639423076923079
0 0.46689903846153846 0.5572836538461539 0.040144230769230765 0.07161057692307692
0 0.28360576923076924 0.5860096153846154 0.04658653846153846 0.09528846153846154
0 0.15122596153846152 0.6475961538461538 0.07189903846153846 0.12891826923076924
0 0.21995192307692307 0.5534615384615384 0.04326923076923077 0.0709375
0 0.25098557692307694 0.5051201923076923 0.032331730769230765 0.06165865384615384
0 0.1283173076923077 0.5352403846153846 0.03790865384615384 0.07276442307692307
0 0.08721153846153847 0.5317067307692308 0.0315625 0.06882211538461538
0 0.5229086538461538 0.4893990384615385 0.02997596153846154 0.06055288461538462
0 0.4444951923076923 0.4751923076923077 0.027548076923076925 0.05122596153846153
0 0.424375 0.5491586538461538 0.03485576923076923 0.06810096153846154
0 0.36180288461538457 0.5475961538461539 0.036778846153846155 0.0666826923076923
0 0.3130769230769231 0.5208413461538461 0.04235576923076923 0.07329326923076923
0 0.046947115384615386 0.5197355769230769 0.030360576923076924 0.05557692307692308
0 0.12838942307692308 0.46137019230769233 0.025625000000000002 0.047067307692307686