1 0.56 0.34625 0.03 0.0475
1 0.6383333333333333 0.4575 0.043333333333333335 0.07
1 0.7408333333333333 0.445 0.045 0.065
1 0.805 0.52 0.06 0.105
1 0.8425 0.465 0.03833333333333333 0.075
1 0.8966666666666666 0.4725 0.05333333333333334 0.09
1 0.9591666666666666 0.47375 0.051666666666666666 0.0875
1 0.9741666666666666 0.55125 0.04833333333333333 0.1075
1 0.4975 0.50875 0.07166666666666667 0.1075
1 0.425 0.5975 0.11 0.165
1 0.37083333333333335 0.52125 0.065 0.0975
1 0.37333333333333335 0.4575 0.03333333333333333 0.065
1 0.3258333333333333 0.46875 0.03833333333333333 0.0575
1 0.2625 0.4675 0.058333333333333334 0.08
1 0.22916666666666666 0.49625 0.055 0.0775
1 0.15833333333333333 0.52875 0.08 0.0975
1 0.15416666666666667 0.47875 0.055 0.0725
1 0.09833333333333333 0.51 0.05333333333333334 0.095
1 0.050833333333333335 0.44 0.04833333333333333 0.075