1 0.075 0.3531827515400411 0.046875 0.06981519507186858
1 0.1453125 0.3655030800821355 0.053125 0.07392197125256673
1 0.22109375 0.37063655030800824 0.0484375 0.07186858316221766
1 0.30390625 0.3891170431211499 0.0359375 0.055441478439425054
1 0.28828125 0.37679671457905545 0.0421875 0.06776180698151951
1 0.36015625 0.37679671457905545 0.0359375 0.055441478439425054
1 0.396875 0.39630390143737165 0.0375 0.053388090349075976
1 0.4234375 0.35010266940451745 0.03125 0.0513347022587269
1 0.45 0.39117043121149897 0.034375 0.059548254620123205
1 0.48515625 0.364476386036961 0.0421875 0.0513347022587269
1 0.4984375 0.40349075975359344 0.040625 0.055441478439425054
1 0.540625 0.3624229979466119 0.040625 0.0513347022587269
1 0.55546875 0.4086242299794661 0.0359375 0.053388090349075976
1 0.61875 0.3942505133470226 0.040625 0.06570841889117043
1 0.6078125 0.35831622176591377 0.034375 0.055441478439425054
1 0.6515625 0.38295687885010266 0.0375 0.059548254620123205
1 0.67265625 0.41170431211498976 0.0359375 0.04722792607802875
1 0.68046875 0.3521560574948665 0.0328125 0.04722792607802875
1 0.72421875 0.4004106776180698 0.0453125 0.06981519507186858
1 0.7140625 0.36960985626283366 0.03125 0.049281314168377825
1 0.74921875 0.3542094455852156 0.0328125 0.055441478439425054
1 0.78359375 0.3603696098562628 0.0421875 0.059548254620123205
1 0.82265625 0.3921971252566735 0.0515625 0.07802874743326489
1 0.88359375 0.3798767967145791 0.0421875 0.057494866529774126