1 0.083125 0.48390557939914164 0.06875 0.13090128755364808
1 0.165 0.4259656652360515 0.0425 0.08369098712446352
1 0.205625 0.41416309012875535 0.03125 0.06866952789699571
1 0.253125 0.41523605150214593 0.02625 0.05793991416309013
1 0.293125 0.463519313304721 0.06125 0.11587982832618025
1 0.33125 0.41094420600858367 0.0325 0.05793991416309013
1 0.35375 0.40772532188841204 0.025 0.04721030042918455
1 0.369375 0.3916309012875536 0.02125 0.0407725321888412
1 0.381875 0.40772532188841204 0.01875 0.034334763948497854
1 0.39125 0.3851931330472103 0.0225 0.0407725321888412
1 0.409375 0.4281115879828326 0.02375 0.045064377682403435
1 0.45 0.398068669527897 0.025 0.045064377682403435
1 0.473125 0.4034334763948498 0.01625 0.03862660944206009
1 0.49625 0.5171673819742489 0.0775 0.1630901287553648
1 0.52625 0.4613733905579399 0.0275 0.07296137339055794
1 0.531875 0.3594420600858369 0.02375 0.03648068669527897
1 0.64 0.44313304721030045 0.03 0.06652360515021459
1 0.67 0.4624463519313305 0.03 0.07081545064377683
1 0.716875 0.5150214592274678 0.07625 0.13733905579399142
1 0.71375 0.4356223175965665 0.025 0.055793991416309016
1 0.746875 0.4206008583690987 0.01875 0.030042918454935622
1 0.759375 0.44527896995708155 0.01875 0.045064377682403435
1 0.785625 0.44635193133047213 0.03375 0.06437768240343347
1 0.815 0.44527896995708155 0.0325 0.07510729613733906
1 0.84125 0.4699570815450644 0.0375 0.06866952789699571
1 0.846875 0.37660944206008584 0.02625 0.03648068669527897
1 0.91625 0.5804721030042919 0.07 0.11802575107296137
1 0.93375 0.7821888412017167 0.13 0.38412017167381973
1 0.96375 0.2854077253218884 0.065 0.12875536480686695