1 0.068359375 0.36149584487534625 0.04140625 0.06925207756232687
1 0.0921875 0.32132963988919666 0.025 0.0332409972299169
1 0.1359375 0.33518005540166207 0.025 0.04155124653739612
1 0.157421875 0.425207756232687 0.06328125 0.11080332409972299
1 0.216015625 0.34556786703601106 0.03046875 0.05678670360110803
1 0.26015625 0.3961218836565097 0.065625 0.11634349030470914
1 0.351953125 0.34418282548476453 0.02578125 0.04293628808864266
1 0.359375 0.40166204986149584 0.04375 0.07202216066481995
1 0.49609375 0.4009695290858726 0.04375 0.07617728531855955
1 0.46875 0.278393351800554 0.0203125 0.036011080332409975
1 0.47734375 0.360803324099723 0.0296875 0.037396121883656507
1 0.467578125 0.3296398891966759 0.01796875 0.0332409972299169
1 0.544921875 0.3656509695290859 0.02734375 0.05263157894736842
1 0.57578125 0.36426592797783935 0.0171875 0.024930747922437674
1 0.851953125 0.5228531855955678 0.07265625 0.13157894736842105
1 0.826953125 0.41274238227146814 0.03828125 0.07756232686980609
1 0.8984375 0.3656509695290859 0.0234375 0.05263157894736842
1 0.917578125 0.3684210526315789 0.03203125 0.05817174515235457
1 0.9546875 0.41412742382271467 0.0453125 0.08587257617728532