1 0.35625 0.6033333333333334 0.0775 0.12
1 0.38625 0.5016666666666667 0.0575 0.08333333333333333
1 0.42875 0.4716666666666667 0.0525 0.07
1 0.4025 0.41 0.035 0.06
1 0.30625 0.37166666666666665 0.0275 0.05
1 0.29 0.435 0.045 0.056666666666666664
1 0.265 0.385 0.035 0.05
1 0.25 0.43666666666666665 0.045 0.08
1 0.1775 0.4483333333333333 0.06 0.07666666666666666
1 0.16375 0.39 0.0375 0.05333333333333334
1 0.0525 0.4066666666666667 0.045 0.06
1 0.0525 0.34833333333333333 0.03 0.05
1 0.04125 0.27666666666666667 0.0275 0.03333333333333333
1 0.07125 0.31 0.0275 0.03333333333333333
1 0.14 0.25166666666666665 0.025 0.03666666666666667
1 0.18375 0.34833333333333333 0.0325 0.05
1 0.14375 0.355 0.0325 0.05
1 0.22375 0.26 0.0175 0.03333333333333333
1 0.21375 0.29333333333333333 0.0275 0.04
1 0.32875 0.31 0.0225 0.04
1 0.345 0.2733333333333333 0.02 0.04
1 0.4025 0.30333333333333334 0.025 0.04
1 0.3775 0.33666666666666667 0.025 0.04666666666666667
1 0.4175 0.27 0.02 0.02666666666666667
1 0.445 0.28833333333333333 0.02 0.03
1 0.4575 0.33666666666666667 0.025 0.04
1 0.48375 0.36 0.0275 0.04
1 0.51 0.35833333333333334 0.025 0.03666666666666667
1 0.50625 0.3 0.0225 0.04
1 0.5125 0.275 0.025 0.03
1 0.47375 0.28833333333333333 0.0225 0.03
1 0.5625 0.31833333333333336 0.025 0.03666666666666667
1 0.6 0.315 0.025 0.03666666666666667
1 0.63375 0.3516666666666667 0.0225 0.03666666666666667
1 0.6325 0.32666666666666666 0.02 0.03333333333333333
1 0.68375 0.34833333333333333 0.0275 0.03666666666666667
1 0.7125 0.405 0.025 0.043333333333333335
1 0.72 0.37166666666666665 0.025 0.03666666666666667
1 0.76125 0.38166666666666665 0.0225 0.043333333333333335
1 0.905 0.355 0.05 0.07666666666666666
1 0.6625 0.625 0.075 0.11
1 0.70875 0.7483333333333333 0.0775 0.15
1 0.66625 0.41333333333333333 0.0275 0.04
1 0.60875 0.3883333333333333 0.0275 0.043333333333333335