1 0.17333333333333334 0.48625 0.12 0.2075
1 0.24333333333333335 0.40125 0.08666666666666667 0.1525
1 0.3 0.35875 0.06333333333333334 0.1075
1 0.3591666666666667 0.315 0.041666666666666664 0.07
1 0.3591666666666667 0.2775 0.035 0.055
1 0.3958333333333333 0.27375 0.035 0.0575
1 0.4658333333333333 0.26125 0.021666666666666667 0.0325
1 0.5408333333333334 0.26625 0.03166666666666667 0.0525
1 0.56 0.34375 0.06333333333333334 0.0975
1 0.6475 0.39 0.055 0.135
1 0.7225 0.465 0.095 0.185
1 0.715 0.30375 0.043333333333333335 0.0675
1 0.6583333333333333 0.29125 0.03 0.0525
1 0.6983333333333334 0.26625 0.02 0.0425
1 0.6725 0.2375 0.021666666666666667 0.035
1 0.7558333333333334 0.255 0.015 0.03
1 0.7866666666666666 0.27625 0.023333333333333334 0.0475
1 0.855 0.1775 0.05 0.08
1 0.8433333333333334 0.34 0.06666666666666667 0.12
1 0.8908333333333334 0.29375 0.035 0.0775
1 0.945 0.28875 0.03333333333333333 0.0575
1 0.975 0.4025 0.043333333333333335 0.12
1 0.9858333333333333 0.2975 0.025 0.065