1 0.3965 0.34088912133891214 0.02556923076923077 0.05392259414225941
1 0.9447692307692308 0.34779288702928873 0.04323076923076923 0.07201882845188284
1 0.8231307692307692 0.352897489539749 0.03563076923076923 0.052531380753138075
1 0.4849076923076923 0.38806485355648535 0.040253846153846154 0.07693514644351464
1 0.6494461538461538 0.3811715481171548 0.04044615384615385 0.07382845188284519
1 0.1785153846153846 0.38259414225941424 0.02973076923076923 0.0573326359832636
1 0.08633076923076924 0.3970502092050209 0.035199999999999995 0.06293933054393305
1 0.27547692307692306 0.39410041841004184 0.04066923076923077 0.07737447698744769
1 0.5642076923076923 0.3600941422594142 0.0297 0.05247907949790795
1 0.3096307692307692 0.3612133891213389 0.03464615384615385 0.054717573221757326
1 0.1703076923076923 0.3369246861924686 0.02235384615384615 0.039131799163179916
1 0.736 0.3447071129707113 0.02584615384615385 0.04785564853556486
1 0.6077230769230769 0.33440376569037655 0.02980769230769231 0.04398535564853556
1 0.5233153846153846 0.3389225941422594 0.026115384615384617 0.04464435146443515