0 0.27939903846153846 0.1245673076923077 0.03649038461538461 0.07802884615384616
0 0.46875 0.14278846153846153 0.04567307692307692 0.1019951923076923
0 0.6833173076923077 0.18983173076923077 0.05894230769230769 0.11158653846153846
0 0.29257211538461536 0.6205288461538461 0.07795673076923076 0.1569471153846154
0 0.9391586538461538 0.46584134615384615 0.07302884615384615 0.125
0 0.7675240384615385 0.12740384615384615 0.03889423076923077 0.06891826923076924
1 0.37209134615384615 0.2034375 0.041514423076923074 0.08514423076923078
1 0.45603365384615385 0.05379807692307692 0.028197115384615386 0.06324519230769231
1 0.2901682692307692 0.06677884615384616 0.026177884615384617 0.05764423076923077
1 0.06180288461538462 0.01800480769230769 0.01985576923076923 0.03600961538461538
1 0.6370432692307693 0.01814903846153846 0.02408653846153846 0.03629807692307692