1 0.08128 0.26940029985007496 0.032670000000000005 0.061544227886056964
1 0.16133 0.3162968515742129 0.030879999999999998 0.06481259370314842
1 0.22097999999999998 0.3716341829085457 0.033299999999999996 0.07266866566716641
1 0.9268500000000001 0.3736281859070465 0.026260000000000002 0.049100449775112444
1 0.017070000000000002 0.3897151424287856 0.03413 0.0871064467766117
1 0.56629 0.3861019490254872 0.02575 0.051439280359820094
1 0.68864 0.40332833583208394 0.02506 0.05428785607196402
1 0.86366 0.4232383808095952 0.02498 0.058050974512743624
1 0.21786000000000003 0.46463268365817095 0.04235 0.08101949025487257
1 0.44309 0.47320839580209895 0.03904 0.06974512743628186
1 0.02119 0.4881109445277361 0.040240000000000005 0.08469265367316342
1 0.30489 0.49736131934032984 0.03954 0.08217391304347826
1 0.26427 0.4929535232383808 0.037700000000000004 0.07124437781109445
1 0.73082 0.516191904047976 0.038130000000000004 0.08166416791604197
1 0.76174 0.3847376311844078 0.02126 0.046506746626686656
1 0.63419 0.36208395802098947 0.0195 0.04116941529235382
1 0.86252 0.3552023988005997 0.01837 0.04409295352323838
1 0.5480499999999999 0.33574212893553224 0.01715 0.035487256371814095
1 0.97801 0.38169415292353825 0.02284 0.04691154422788606
1 0.8277599999999999 0.40421289355322343 0.02604 0.05091454272863569
1 0.82063 0.31881559220389805 0.013900000000000001 0.031619190404797604
1 0.91187 0.30322338830584705 0.013210000000000001 0.027256371814092954
1 0.9532200000000001 0.30179910044977515 0.013810000000000001 0.02787106446776612